11111161(

, 754, 5 7558. 88418, qno828897, 10 48584888. 7857 ‚
858, 48 71851 865 5 40547578, 48. 688, 8. 75479 7
4174464887178 8171 Ισ. 8 1171· 7484 188747 8 ·
8188415775 5,474. 687,8 1188878545. 868 ,.7 5717.
1118814ιὸ188 . 1478. 4· 487 78.4871·
nummo„ 4778488475 765, 70. 7577 855,8
76761657, 6 ¹ 41784547,4. 586,8. 565, 5. Roma 556 5
1111118674 7817 “ 1148118844 7741· 411.
11174777 604 67174555 77, 678, 7. 1654, 4.
Rhenum 8748 4164 4474554 · 704,7. 786, 8 755, 8.
4144484 ,564 864, 85 4174414564, 8 765,5. 778,.5 8,85 8.
4114484.. 604 nero 479 8 8555. 848, 76. 868,8.
8186ιηί85744 58,5 · 87, 75

1111061οὸ858 4161118786 505, 7 Romam 255 9. 5763. ’7198

8170607888 71681780, 44 5. 777,,7 788,4. 854,

1111068478 7,1416445..6 856,8 580,1 11)

Rhodos 77 7, 5 4710447 858, 1104878885, 8. 580,6, ,,574

8174811,νὶ641117411,144. 4168 217, 7. 445, 4. 557, 6. 5. 688, 5, 828,- 5· 745, 5

1117471884 858 7 867, 8. 5, 77 8088885758

1684478865, 67 4468488474 populum 7, 48 Romam 7111.6
1

41784771. 655 716, 6 nsum 547 48. .775, u. 744, 8077884874, 8. 557, 47
4188104688, 1 5. ,87 5, 5. 875, 5. 586, 4 11011111 711. 3
rhombum 5886 41688·40,6 ..557,5 568, 5, 1118881458171111178
46871784554687. 47688, 654, 7. 6,87 5 8888177465.. 7, 7
4167841.,17.. ..766, 5 110778818845, 6. 868,7. 855, 7
4761648 600 ,5 4141 774, 6. 534,2. 578, 7, n
41647558 ” 550,7,8.,4855.45757·,1104778770676,5, 707, 75
4148774 448 75 867, 6· 11.07487781457,5
41648487 7, 6 7148844, 6. 5047, 556, 4. Romanu· 456, 4. 468, 8.
4164114885, 6 676, 6.7 66477, 877, 40 678, 8. 877,8
776488 8874 ’ 417811 5,77 75 nonsummum
4164885648 ’ 48175978 -1114877418585,4.500,5
4Ξ64776471785, 5 41107655. 757, 74 7188777758. 557, 0
41648878,4. 5557. 508,5’. 71484 7746. 857,,8 875,11111111111158,4
57,74 80. 508, 7, 745, 7. ⁶772, 5 6087888885
41618 8,.48885 7858,6 70 rivum 5558 7166 70748645, 5557
radentem 57,5 58,4. 6,45 41784574,4. 784,,7 788, 7044477570, 75
· 4 76.8 77, 5 40448 755
416α7441560,5 417876, 5 481885, 7, 444, 84 7548
66784117... 880, 78 rme 586 5858. 558, 70 80 688757, 5 46ο,7. 508, 7.·
41678404865,8 807, 70 4044
416144747,76 4148875878 401,1484415555 Ι Ι
116114644047701768,ς“ 41774077587, 5 70111587, 7
rideret 849, 8 4148474870, 4 1186414148750, 8
rideri 555, 6 6814748, 4 68681886564. 857,7
71681574, 78. 668, 70. 688, 4080484745 5,754 701,8417757
’ 5755, 6,8, 78. 878,6. tolonum. 8085 4864884454
870, 70 robusta 5,05 8 408711658,7 7
fidet 778,4. 788, ,5 ,,,5567 70181177 8618 78488545. 874,Ιῦ
4058, 6077. 48,5 4818811774 8458 rotantes 406,
7164484 585, 75 787, 7. .505, 486447448,4 ..7877078051
41614171878607.6, 858, 75 82:357&ss 1611106181676Λ
66188184 668, 48. 7255. 48644 551 totunderunt 75558
884, 5 4061784 84,7514 7 rota 1864041788 458 7
47584 8545 4878684 564 8. 5655 40488618 678,8, 755,ῐί
7174444455 48787 847 5 rotundo 507 5
rigida ,556 40584458 7. 665, 5 4847760777 707 5
rigidi 554, 5 705868ι’4,.7 557,.8 770,8 80817660878σ,“4 ’
445161 854748 405848768, 8 788144741441876 8845
8151847487 786, 8 105871 550, 8 48781780, 8

5721771655 ' 548584715ςῆ1768557567775557859557

 

