f 161111161111101111111. ,

linquere 111, ’1 16111496, 4. 961, 1 , 19911111994 799, ti
1111961188,16 1616411, 6. 468, 16.Ι 768, 16911611199ο,4
116911681168,9 · 9. 898, 9. 8794 119611111946,7 χ
11691111 911, to lo.o 41116 899, 4 11718111 816, 9. 8899
Ι1111111111111161. 1 11111111 141. 1· 1411 “ 11111111. s· 11111ρ 1111
linquit 199, 9 luculi· 9994 11. 761, 9. 896, 1
linquit 998,7 1611161. 976, 1. 691, 7. 719, 16911 maguum 897‚4
1111111698. 469, 1. 4891 6. 847,1 1691161616111186961,6
1111161111 998, l· x 1611169884. 771, 16. 787, 11911111148,1

liniret 814, 9 , 9. 861, 9. 886, 3 16911111668, 1

linunt 891, 11 locuple· 117, 6. 647, 8. 684, loquor 998, 9. 866, 9
11911111 966, 9 11. 799, 4. 799, 8 1611176, 11 ,

Lippi 919, 6 locuplete 701, 19 1611111916

lippis 9691. 981, 1 16116111161761, 9. 8499 11111799, 16

lippum 746, 7 locupletibus 716, 11 111111 496, 8
1199119991. 999,7.,717,1 16119111161914,11 · 1161164911

liquere, praerer. 898,3 loeus 173, 4. 946, 4. 9991. 1161111674, 9
1111114714 5⁶7· 7· 5932 9· 59⁶· 61 1118111111801647416
119191111961,6 617, 6. 791, 4. 769, 7. 1111111418, 14. 6998

1111111115 111.ς·811.1ο·111.1 ι1111111118
8911111699 16111118991 . 8161111868,4

1191111161 94, 9 161116699, 9 11611111 616, 10

liquidi 91911. 719,9 1611111497, 1. 9791. 769, 1111111616, l. 7191 -
liquidis 491. 999, 1 19 lure 467, 9. 699, 9. 964, 9
liquidum 199,1. 199, 1 1611911111 991, 14 lucellum 619, 19. 817, 1
11961161781, 1. 8697 16111117691 ’ 1111111287.9.989,9.864,9
liquimus 194, 8 v 16111461. 8. 7991. 869, 1 lucem 111118894. 9191
1191611997 Lollius 816,1ο - 1.111111111968,6 1
liquorem 118, 9 lunge 111, 4. 178, 1. 194, 1. 11111111 11611118 7697
1111169198 11916179, 4. 461, 1. 1611119191 “
[11111191 919, 16. 91 ,19. 999, 9. 16611111187, 1

lu 879, 1 671, 16. 716, 6, 7. 894,11 imminu. ς. 9896. 619, 9
1111179, 9. 648, 9. 897, 9 1611919694. 766, 161 1111119991

litem 999, 1. 648, 9 1619111111, 9. 48, 1. 46919 11111798, 1

litet 969, 7. 981, 4. 796, 6. 1619111111 9194 . 1161114196

¹, 711. s· 4911919191181111 ⁶ 4111141161· utili
1111111119 ⁰⁵⁸· 1.’,1·ξ11,’,ἴ’.·.ξέ.ῑ lll'lltgu. ..9.

1111111917,1 999, 1. 689, 6. 71194 111111116τὰ1 76,’9”
111111111896,7 16691168,1 lucil 999, 91 bie· 668,1.
littora 227, 9. 196, 7. 484, 1669119111768, 6 616,1. 61191

⁶0 ⁴⁶8, 11 1φ8187669 8· 90191 laudii& “⁵³1⁸ 549981 ⁶061
littore 16, q„ 119, 9. 989, longo 11, 8. 446, 11.498,1. 6. 669, 9. 619,1.618,16

14. 46911. 696,7 916, 4. 691, 1. 774, 8. 1611114496. 497,9
littoribus 914, 8 818, 1. 9ο4,1 1111911171. 11, 6.· 96, 4
1116111166, 11 longorum 969, 1 lucu, femin. 868, 11
111111 167, 1. 188,4. 919, 1. 1111961948,11.668,8.779,8 locor 198, 6

49919 longum 171, 7. 198, 1. 949, 111111899,1

1111111999 4. 961, 97494. 9699 1161119999
11116 9, 10 iungitur 919, 8 Lucretilem 71, 9

1111111891, 11 1611911199, 8. 197, rl 11111411, 9. 7896
11111111491 . 16911618819 1611111499, 9. 6799
1111899, 9. 896, 4 loquacem 967, 9 Lucrino 1199
1111111991 16911111 969, 6. 994, 9 11116166, 1. 969, 6. 641, 9
11111114698Ι 119111169911 locroappone39‚7 ‚
livido 481, 9 loquaciter 796, 4 1111111916, 4. 468, 9. 916, 9
1111861 167, 16 1691111118119, 9. 8994 1161111111 191, 7
1111811 991, 7. 198, 9 loquer 941, 7. 976, 9. 9999 11111116991,
1161 89, 9. 869, 7. 891, 16. 16911111181,19. 899716 1111111116 9,1
8994 loquax 1991 ⁰ 1186118199
1611111 987, 1 loquenda 981, 6 1161111111 861, l
1111111191 ' 1ο9111161878,7 1161119894 ·
1611111761, 19 11191111199Υ146α . 1161161484, 9 .

 

