1111111

&fidem 759, 5 1116111791, 11 661714, 1
1161616461 . 1111111198, 1. 546,4 diflet 756, 11. 851, t
· 1561117561 1111111754,7 1118115549. 709,9
’1165111616 7664 · 6111111097 Ι 666111 797,11 5
11115157 11617151 6111111416, 5. 858, 1 5
1611118854] 1166611155 666569,1. 910. 5 7
1161111494,1 1166811579,1ο ‚ diducit 8465. 900, 6. 9151
1111111485, 4 11616601561, 6 11 Δ 1
&filiunt 303, 7 devio 541, 1 didit 650, 4
1181118754 1161117184 diducere 600, 5. 9οι,8 1
1161195, 5. 186, 5. 157, 4. 1161111 195, 5 6111601190,
507, 8. 561, 4. 515, 1 <eum 49, 5. 741, 8. 585, 611115116έᾲ11,μῦ111
669,1ο. 811,10 6. 595, 1. 410, 5. 586,1 [8116711111 117, 5.148,7
1111111418, 15 6118111,511111151111111 654, 4. 6611778,7
&flat 157, 5 , 69 , 11 6111111465, 6. 876, 6
&spere 412, 6 devocare 487, 5 different 452, 7
6άρὶ1111645,5 1116116858 1111111661, 1. 895,9
1118716574. 815, 1 devolvit 5 7, 5 , 1111117541
’ 11616996 1111011160, 6. 416,15 66111548, 51. 651,11
1168111 597, 5 devoti 481, 5 Ι 66151111 557, 1. 758,4
1111111551, 5 devovet 658, 4 6161111605, 1. 88 ,5
&fit 149, 1. 64918. 859, 1111118, 4. 75, 5. 105, 1. 6811111111 191, 6. 7
x ¹0 . 1191111111· 111. ¹0· d¹ffi⁶¹¹²¹⁵⁹721
&sperandum 51,8 468, 8. 475, 4. 475, 6. bis. difficili 5⁹24
11141711 8865 507, 5. 705,1ο.71,10, difficili· 184, 8. 888,6
11171111 717, 1 801, 1. 869, 1. 886, 9. 66615195
16611184, 6 891,1ο. 91915 116111111610, 5 ¹
1116111501, 5 dexter 641, 7 diffingas 15 5, 1
’1161111118 5 ,1111111 8, 5. 456, 8. 618, 6611511557, 5
1161161178 5 1, 85114 6811511604, 7
1161111646, 8.’ 65811 dentem 511, 10 . diffisa 591, 5
611 467, 7 ’ 11111111 4 55, 5 6611161475, 1
61611551 denam· 595, 10 66161785, 7
’ mingere, v. distribgere 1111111115, 7. 255· 4. 584, 5 66115811 591, 5
w 55515 dutum 1111 1· 16117 6816111161 1· 11111
11191
11111111111·11111·11611 1111161111 6811611114
desurgat 632, 1 dextrorsum 6456 diffusa 748, 4
1115191. 817, 11811. 1115111111 larue 796,6 661161 585,8
x 1111111117, 5 6 640, 5. 698, 5. 7466, [6511618175 ·
11160116098 61 5115 ’ digitis 896,
1111151151,5 ι 6561191158,5 digito 40, 8. 5751. 716,
’ 11111101718,1 Dana 595, 9. 44317· 50²» ² ⁵
. 61116661117οη 10. 915,5 6511011565
deterius 565, 5. 611. 4. 775, Diam quae mentium regin 65111 197, 8. 555, 5. 491,

&m

61,9 1111111 578, 5 diffundere 557, 7

4 3· ε101 3· ⁰2²

«tenet, ⁶ ,ς 1· 1011 1· 81116 disum 1811
deterrima 5 57, 4 Diuum 3514 dignm* 11413
’11111161 907, 4 diaria 789, 11 digne 1111. 104, 7. 501, 1

1

1111111111 555, 11 661ξὲ1196, 8. 165, 5. 487, 4. 889,1

1111111115, 51 6115118918· digne adverb. 17, 7. 8454
111181ῐί1451, 9 ditatis 5 51, 9 1151111861, 1
detinet 755, 5. 5754 dieucum vocabulis 616 inflexis, 6567111. 758, 8. 875, 1
detinuit 116,6 , 16117, sed 11161 peculiari dignior 209,1
1116151111 19,7,’4 injici ¹ 65161761, 11. ”tm
1111111561 61175 66161117755 65111ἱ61111469,16 ’
detorta 87 ‚i 66111111 5,6 6511ἰὺ17ο7,6
1111111111 860, 6 66111 908, 6 65101811, 5
detrahere hcm. 613111 66111114 d³ssss0⁸647⁸4 574¹ss
detrahet 798, η ’ ὀῖἃῆῃῐὶεέᾥη &gnoscere 859‚2 ¹ ¹ ,
8111111111481, 5 «1111111156, 5’ 6 6611117945 ¹
, denimenux41‚3 1111116144 8611111597,8.551,5.611,

1511111 8157 “ 1111117195. 81918 ⁸· 63818· 7 1617681

x

 

