8661161689·ιά 0111111111.

9661111191 quoeunque in, 1. mli ³
96865164957. 56678 569, ι. 547,14. 66811. 1
4161116686 4619114944, ι 11411· 1461· 161» ¹·
9611116616 186,6 961461,1748.155,6 889, 6. 961, ιο. 9ο5,9
querela· 515, 1. 786, 5 9681161 556, ιο 9669111111 519, 5
quemnam 96141616 54,4 9116665958
querentem 1οο,8 9616618454 ’9661161411 196, 5. 5¹32<-
querenti xm. 350,6 , 966497. 16911987. 651, 6. 651, 6. 6844.
quereri· 857,14 451,11. 567, ιο. 547. 8. 815, 6. 867, 8. 967, 8
querimonis 878, ιο 588, 8. 619, 6. 641, 11 966114 667, 5
querimoniam· 5587 9616’711966616161678,4 9666816571,1.668,1.6754
6686168161 ’ 1181111610141411 4 61811
queritur 764, 4. 867, 11 quium 11911, 15 qnoque adj. 716, 8. 814, 11
'quemnam x quinet 1ο5,1 9661141111 659, 5. 656, 5.
querula 888, 6 quinetiam 844, 1. 85679 661, 1. 765, 7 ,
9666616455,4 9616115186 - quorsum estopm? 71², 16 1
96111191 anai, 41. Qiuti ' 9661611151, 9. 54,1. 486,
96166987 96616169689 15. 544,1. 7,1.791,1
9616614451. 577,ι 0911164661 virorum semo 916481. 59,1.6ι,1. 168,
9611461, 5. 415, 8, 9. 511, 9111174161 767,1 41581158, 7. 546, 1.
5. 558, 7. 569, 5 574, 8, 968696168661869ηῐ 567, 6. 568, 1. 581, 1.
ιο. 596, 6. 61 ,4. 681, qumque 5585. 578, 5. 666, 584911. 4689. 515,4. 5
18Ξο8 ¹¹2· '²' {3⁸¹⁴ ⁴'⁷¹⁰'⁷‘⁷⁵⁹’*⁷⁸⁶’⁴'⁴ „3122’⁵,;2⁵⁴⁰'⁵'*⁶fi ‚0 ¹
ἰ154, ζ’ 4199956. 551ῗῖ 2: 966196111611117584 6661666, 1677756, 5 ³⁹
³4022· 111,· 661· 461111115161111 11611461
, 417,1. 449, 5. 469, 5. 96869611161718,9 96611666611697,8
414, 5. 597,1.· 559, 6. 91611961 1811 8 ο,ι 9664166ῑ1484,9 1
83118887· ⁵⁸³'²' 88ῗέὛῖ ⁷'⁸ '‘¹⁰⁰⁶“ ²³²2· ³3¹¹? 3? 1
abnuunt „3³14 6911655191. 5,,,1 ζ’. ’643ζὲ ³¹ Β
quicquum 5ο,14. 167, 1. Quinti 191,1. 666, 6. 796,ι 96619661165,4
661, ι antilio 911, 7 quotquot 1111764, 8
968411ῑᾶ 619, 1. 646, 1. 056116Ιῖ6111 94, 5. 95,7 9661111751, 6. 8589
687, ιι. ‚ 961, 6 9611116 889, 7 966νί1 556, 9
quitquid 1111 47, 1. 96, 6 quippe 119, 8. 517,1
9166611964151, 5. 198 1. Qirini 15, 6. 411, 6. 481,
166, 5. 155,5. 159, 5. 7..866,11 R.
1 478, 7. 6981. 891, ιο, Ψὶ111161151, 6. 6ο4,1
bis. Qiritem 174, 5
’ 9118191511,1.515.16.511, (8668615519 ” 8111161 967,”5 ,
,¹- 551. 1· 1488· 15111 0615181561 661611. 4· 64. ¹· 115·
’ 9616165145 (6111116114141516 16. 669, ιο. 7551.
4111·66<>6.1.116.8·11ο.1 qun, fd‘st· Ι1166164· 146 8468
quidlibet 146,1. 591,11. ’1.457, 5. 481, 9. 5786 1116148791 -
⁸05» 7· 8731 ¹0 96ῐ1 non 155, 1 1116661 866, 5
quidnam 651, 16 , 9696116. 716, 16 nbiofi 581, 1
quidni 966, 1 quisnam 651, 4. 716, 1 memus 168, 1
964696116161, 1. 556, 6. quisquam 184, 5. 189,1. 1111114881
6194· 6461· 18114· 15111· 143» 1· 111115· 6111668616
698761 83748 5037 ¹⁶· ⁶34, 31 694, §0 fid-{ce 866797 m
9611911145. 45,1. 96, 6. 1898 ¹ radiee=714‚3
⁴ 164, 4. 511, 1. 444, ι. quisque 199, 8. 511, 7. 585, 11166951
5159. 659, 5, bis, &c- 5. 518, 7. 576, 6. 511, 7. 1141114 4 ¹
quidquia 61111164 reges plec· 571, 164615, 7. 649, 19 111161 1 ,4.111, 5. 4581
1611161 Achivi 736,9 quisquis 151. 1. 158, 5. 189, 1116161458, 1. 566, 9
9668117681 1. 515, 9. 5681. 6183 11611445, 9. 558, 2. 6691
quidvis 557,4. 591, 5. 656, 96819 665, ι 1111619661 651, 15 1
quiz& 8233’64 qu? 641Ξὶ ξ. 6.ζέ ¹31.- 68ξί Ξξὲὶιδιζῗῗέῴ. 6188
quidudum 5. 857,4. 89915. 895, 1191161185
’ quiescit 965, 16 . 11 rapacium 586, 16
41166111 571, 1 9611111,1411116.717,4 11911 119, 4

 

