· INDEX

11116711 771710. 71671 111111061874 111111 150, 157 6117 5. 7017

uit7m237. 7. 160711, 16171161100167771 , 4170478744717754,
1116111163 1··16111 11111· 1111

8818000611, 5 1111111777. 7487715777 48. 81871, 877517

811011159777 17 5767 177141 7547617, 1111111110 1168871101 1011815

8100171775 55571711. 5751711, 6771 ‚⁷⁶⁸¹4

⁴ 8108171477 740776 ,7057 5, 81171111111 11180 87175
11171110011074 860711 .5.· 81077 ’ 111111015777 8
111 1110111075 111111411701011180114016147 111111154074, 866717

01111111· 1111 ς· 111 1 1111116311· 111111· 1611

6111 1111161111 11111111 1111111618
77 17, 757, 7. 668, 7. 691, 11111175, 4684711

1166174779 771878780975,8707111160177676
11117571 11 7. 90674 1111010159Μ
7110101176818617 4 1111010111 55471,,55776 8097 1111178048, 797, 6
- 11100165, 11 11671 9 11111575, ς’, 7767117517
7110101847714 011101111771, 77178 77. 758.71 171, 8417
1181116047 7 7657751865, 11110601111181, 1 ,
1 1160100171171, 7587818577 1ῐ111167777
711159578Η417711475, 8 1111111747714
888887 Ι6ο, 684808, 18, 33³: ζ8181818818848878,8707,0 1 8816878866,ξὲ8574, 651117
6 ,7177 5, 77177 71. 7747 117110011111117715 11107001. 575, 16, 57878,
vitabi7⁶4,.7 75, 6 , 888858888888 pm anum! 1078188146 05, 5 ¹
7016117604, 805710 11110077071.754710,577,1110161071
7011177, 7176. 88 5 7 77 1. 6197 11 6707 1110018177. 901711
1ὲέζὲ 181818181817118118, 118ζῖ 88· 8118781811, ’8 ⁴⁰⁰'³' 888
777, 1018767710. 8057111001181110111168877 11160 6 107, 1, 141, 41
5. 81777. 86576, 866, 1011167877 · 51777 558711, 61477,
415070 11150175 708, 1111111177, 8 70470 719, 12 l
7 111110 560 3 1116114017 8
1 5111117077 4· 11111078, 5. 507, 7 1111711159, 5
1101061877 1111170478 1111107417 1, 77771, 55177
7111111146 1. 170714, 511711101165671 1111 1515, 3. 5¹9· 5. 7707
³ 9⁵7⁴ 8188· 8 88811318118318381888· ,1,’1118818888’8
11181861 6480 ¹1 ’ 8 1110101198, 5 ¹ 1111111118,3 61864776, 704761
1111111510, 8 vitulus 77174 8077 10
1111161676, 5 111181061871010111879871
111111865710 7111010167 6757 1111110157 ·187 5, 8147 14
, 1111191711 711, 7 1111115181, · 1111101001 98 7
71111 7671, 451, 5. 8957 vivam, 1101. 6-71 7 una 187, 410876. 7017
78 047 ’ 11111117 verb. 513, 16 5477 7

vitatu 554, 3 9. ,5557 6181776081011184174
11011111161971 111111175171 0111648, 11

711111845717 71111746, 7, ,6717 759715. 1 0810181177

11111111· ¹453 36111 18111151 1811
νὶ1ἶ110111671, 1 vivat 111, 71506, 1, 5107 0111109, 5. 797, 3
111110167711 8. 555. 9. 7767 7, 8067 01110111171766710
1111111111), 5. 8881 4 1 011110044171
:11:8⁷8 ἑ, ,17 1181 81888118 7,. 18118 ,81818318 8888 8888 ³
1111111111, 85, ’1878875 7597918 7 ’9' 0101111761,11771.5

11111 177, ’8. 594, 6. 745, 1111011717, 17, 779710 10, 58774, 8017517

11 1111111101 78 7 4

11111 14671. 51978771, 11110111 507 5 0101111167, 8

4774, 5 , 111101151077. 69075 0111010471

,1111111677 8 1101111011 77974. 79578, 0111001546,

 

