INDEX

. 5111111111, 11 ,11,1. 964 7, 1. mmm =. ,
11111118.. 111116116114 (1116161111111161 1
gelido 51, 1. 86, ς 51111 514, 8 1, 858, 9. 844, 6

4161115116 ’ 5111111577, 6 0111116119, 5. 868, 6. 845, J
4111611116, 5. 514, 11 5111645, 6. 768, 1. 8ο6,1 5. 856, 7 .
881ῖᾶ8181713 ’ . ‘⁸¹²³ {825 εἰ686838316· ⁸77>¹

0111111575 51118 9,1 Grumum 556, 5. 614, 5.
0111111187, 5. 161,1 82³⁸ ι751 ¹· 3²52] 83122
321„ 38, 3 , 0111111111 584,11. 4811 (1111111614, 1
4111111665 ’ 5111111111 4891 0111115891. 6486
5111187717 ιέϋὶῑῑ 8601 ¹5 6811814661 2
gemellum 6⁶0, 1ο Ι 11711111 166, 1 Grae 118, 6
5111111419, 5 5111161165 01181164, 6. 819, 5. 848,
5111161156, 7 5181684. 2 17. 9011 5· 55⁸·
geminant 68, 5 gesta 641, 6 Graiorum 594, 4
geminentur 874, 5 41111878, 8 . 5111111111 565, 11. 591, ς ,
5111115941 5161111547 5111111159,6.1,84,1.411, 1
51111118858 5111116557 5. 455, 1. 887, ιο . 1
5111111111811, 11 511111 111 745, 5 7111111111 ⁶5r¹²
'geminuz358‚7 ' 51611561. 5157 51117116111811, 1
gemis 824, 4 51611111 155, 6 511111111ᾗεί 879, 1
51111791, 1 gestiet 547,15 51111111 511, ιο 3
5111111557, 9. 868,6“ 51181511, ιο 5111181149, 2. 119, 6. 515, 1
51111111151. 755, 11 gestium, 1. 8145 6. 617,11. 6557 . 4
9111114651 418117516847, 1. 8897 5111111655, 6. 879,5 1
’11111181 16116 011111614111 1111141110- 1111· 6116 g
01111111416,4 0111115151 ‹ 51111111711.858,15. 868, 4
51111454,11.514,1.688,7 0111111568 5. 8754 5 ¹
5111111915 ’, 6111108687 5111161111 141, 5
generatur 5ο, 15 0111111 9314 5111611111 8, 1
491111 507, 3 51511111 141, 1 51111111 11111 764, 4
5111118164 gigantum 151,6 5111617684
generosa 674, 4 2⁴3¹· 220, ¹0 ’4111111 649, 8
911111611146, 5. 57114 ,1111111151 ’, 5118111691, 1ο
41111161 571,4 glaciet 191, 1 51118 1111117787
4111111611 141,1 111611111111646119 71111 4ο, 1. 64, 5., 8ο. 5.
1161117956 51111115111161111111664,9 118. 5. 114, 4. nm
11111651 51111116761 195, 1. 569, 5. 5941. 3
1111111116811751. 10 glandem 59,5 417, 7. 4986 147,8
5111611951. 768, 6 Glauco 5 5, 8 1 511111 554, 5. 588,8
5111611111111 785, 6 5111111811. 1891 10 5111111414, 5 ,
genis 415, 6 51161486, 3 511111 995, 4 4
5111111497, ¹0 41111111 785, 8 51118 871, 11
1111611161 111111 11. 4· 14111· svm 1111111115. 111. 1. sn.
5111111117, 5. 864, 6 655, 15. 811, 1.) 847, 5 1. 745, 5. 747,4. 75611.
,16111116519 1111111111 4617 811,11. 8784. 9187
5111111516,1.767,9.845,5 0171111181, 5. 116, 1. 115, gratie 11, 1. 117, 1. 5181.
5111111869, 1. 891, 8 “ 1. 511, 7 418, 1ο
51111 581, 3. 45ο, 1. 616, ιο Glyconis 717, 1 gratior 585, 7655, 5. 771,11
51116111111 18, 9 gnati 554, 9 5111181111 561, 3
gente 161,1. 666, 1. 685, 11 Gnatia 568, 4 5116161111 865, 15
51111119. 1. 151, 6. 1οο, 4 51111111 716,1ο 51111115, 5. 196, 9
· genti 65, 9. 486. 11. 51159 5111118161 gratum ¹3⁰» 1. ²5¹» 8, 4611,
511116111811. 187,1 5111111755,15 “ 3. 693,4 1
’411111 55, 5. 65, 4. 585, 1 0111610116 71411141,6,44,,, 33st
'8²⁰⁰347b6 ‘ 0110819416 23911· 655, 6. 851,7
5111111951. 8151 061511111511,1. 551,6 5111118554
genus ὶ. ι. nobilitat 685, 5. 01111111861,1 511111114ο8η
76516. ’ ἲ 81811Ιί1 2311 511119,1. 551, 1· 407, 11.
511119, 5. 11, 6. 18, 1ο. 61, gradu 130, 1. 574,1 416, 9, 7¹3» 5, 378‚1
1 4. 165, 5. 1155119, 1'. 71111111 17, 7. 19, 5 4111111116,4,76,1. 167, 6,
ι27711· 31414· 3¹92 11911 εἴπ’ 3311. 611, 5. 896, 1. 518, 8. 675,,1. 915, 8
7. 416. 5· 441, 4. 444, 1.. 8984 ³ 51111111,1. 151. 147,1“1

 

