855555555555 0555555555.Ί ’

orabant 637, 5, ,’ 0rn³tum373‚3

5551555 665, 8. 696, 4 ornatur 838, 7

orabit 688, 3. 7835 5555555984 Ρ. ,
555 555, 4. 588, 3, 733, 3 ornes 855, 3. 857, 5

55555857, ιο omi 39, 5. 583, 3

oras 545, 4. 534, 7. 416, 1 Omithi 535, 5 “ Ι8555555555 739, 54

5555 558, 5 orno 349, 54 pacatum 384, 5 ,
omn· 655, 10· 78⁶. 1 ⁰r⁰ 54, 2· 587, 2· 585, ³· paee 5565· 65515 ι
55155556 ⁶7¹23· ⁶9²24· 6555 memmas- 8555
orbem 56, ι. 785, 2. 88357 0571565554 pates 7434. 8538 -
’ orbem totum 854,8 Orpheo 95‚8 x Ρ55555575,3

Orbi 867, 1 05515555 3534 pacit 533, 4. 657, 6. 854, 3
Orbilium 836, 6 ι 5555 573, 3 Ι55551151 338, 5
05115681· Ι55, 9· 250. ⁶· 0¹1? 5324· 5355 55855555
. 350. 15· 498. 5 0¹³¹ ³90›²· 555, 5· 565. 8. 5585 585, 1· 590. 5» 655,
,5565553738 575, 59 9. 8534 · ,
55556735 orto 840,6 Ρ56151555 478, 10 “
Orci 565, 9. 558, 5, 3 55555 375, 3 Pacuvius 833, 7
0555 108, 3. 297, 3. 368, 8. 55555 346, 3. 868, 5 Ρ55155 483, 2

687,5 ortum 371, 8. 455, 6. 8533 5555553555
Orcum 565, 7. 3436 555555 754, 2 , 5555555 353, 5
055555 868, 4 · 557555 655, 5 pagi 198,4
ordinarat 488, 4 55 oris 548, 6. 588, 8. 845. 8 pagos 728, 9
,5551555515 5435 Osci 563, 7 > pagus 557, 55. 857,4
ordinat 457, 4 oscinem 346, 5 5515511555 45, 4
Χ5561555 543, 3. 646, 6. 733, oscula 58, 55. 536, 3. 5334 palam 388, 4. 463, 5. 555,

ιο. 855, 6 osculum 575, 3 9. 8834
= ordinem 455,6 05151555 8586 751555556435
5515555434 · 5115446, 5. 485, 7. 489, 8. Palatinas 555, 5
551151655553,7 388, 8. 758,5.Ι Palatinus 7435
ordinis 876, 4 onibus 555, 3. 588,5 palato 664, 7. 675, 6. 8635
’55115555 885, 8 ostendat 755, 55 palatum 624,4. 676, 8. 757,3
,55558733 , ostendere 856, 5. 3534 5551557535
555 534, 3. 2 51, 3. 296, 6. 5115555155 373, 5. 6337 Palinurus 260, 7

,343 7. 3⁶6, 8, 445, 1. 5655561357, 3. 855, 5.854,4 5551154335. 556, 10. 588,3
, 446, 5. 447, 1. §09⁹ 1. ostendis 8836 Ρ4115511557, 8. 53, 4. 5635
...78118 ,18838388 ¹¹ 38ἓὲ83ξέ58 ⁵²·⁵'⁸ 181ἒῖ8ζέ. ,,,,. ,5, z
555 tumido delitigat 8833 ostia 556, 3. 656,5 pallerem 8536 -
0551155 655, 3, 53. 882, ostra 654, 5. 6735 pallescere 729,11

55· 51155 334, 7. 773, 5558335 551151555555, 54
55558333 05155555 443, 5 '⁴ pailet 646,3. 765, 3 ᾗ
5656515155 835, 55 oti 555, 9 pallida 5536
Oricum 585,5 0515368, 11· 712, 6. 763, 35511151555555555,ῐ
orientia 845, 5 , 5. 835, 8 ’ pallidus 635, 5

5515551555,9.545,4.337,’5, 5515 63,5 ’ 8118012935845713· 583, ξ’

originem 354, 3 55155 585,4 55, 646, 6. 756, 55
origines 419, 1 otiosa 447, 9 55115515 347, 8

05141515, nom. propr. 553, 4 otioso 357,9 5515555 368, 5. 635, 55. 847, 7 ,

Onon 203, 4. 563, 3. 346, otium 3, 3. 554, 5, 5. 555, palmaque nobilis 3,5

9· 463, 55. 477‚7 5. 422, 9. 457, 3. 483 55155557535 N , ·

05155515 553, 7 10 = 3551555555, 353, 55
oris ahma 55, 5. 33, 3. 583, ova 445, 3. 8634 - palmetis 868, 55 ’

1· 745, 5 · ovans 655, 7 ,’ 55515555 615, 4
oris, ahos 364, 6 oves 435, 6. 436, 6. 767, 5 paludes 345, 5
551555 365, 3. 6338 ⁷ ovibus 171‚8 55153655553, 3· 721,9
5515555155 853 3 ovile 483, 7 palu· 586, 4. 877, 53
oriuntur 673, 5 55115 376, 5 palustres 358, 5. 748,4
551555, v. oryzae 5515 657, 3. 675, 55 35551765 345, 3. 338,4
ornabat 635, 9 ovium 455, 4. 65 5, 55 Ρ555551 554, 3
ο55ι555555555355,5 . . ovo 535, 6. 653, 55. 677, pandat 654.,6
5555555 533, 5 55. 885, 8 - pane 775, 7
555555 483, 5 , , Z 555555 secanio 845, 5

22

 

