’ ’ 1’001111101011 0111111111.

1111116001 1111161499, 9 1111111 411,9 899, 9
1111011101 569, 4, 984, 6 11111111 610,9 1111111991,1481,4,484,ι
111111 1111111899 9,1. 900,4 1106101914, 9 . 1111111101 999 5
111111840’ 1111011111 896 11 ’ 1111001190,1.169,1.,Ι

01111401,8. 949,199. 55, 0111109991 ’ ' 3 Δ
1, 99910 8989. 849, 11111111 1819 419, 9 481, 11111196, 9, 419, 11

8131111 6511181 cingi 19414’57 . 618111181181797116μ 19

1961111046 unge 9614 ’ 1111111111 09911
11119Μὶ08896 ’ ungentem 3419 11101008116441
ἰ811464,8 1101101119169 1110111909, 11 ,
18104199 1101149011101119099809,9
1811649, 10 1194101989, 1110110169οΛ. 899, 9

8101111099 . 0111114191 (110181 51911640117991
himaeraezzo,9 969,8 01110116991113-91119

810 6094 08114899 1111110619,9.891,10 4
1810199181. 9,98 5 10111111 99 8 ’ 1110101 11,9, 189, 4, 999,
hmmmnm &mmo 7ffim

:bium 910,1,914,10, 918, 1111811964, 1 0191011996,.9.906,9819,
6 111106 94,4 ’
8110191111 809, 10 1111001999, 4. ,999,9, 681,1 1110101101 109,1 199,9
81111191111996, 1 circumagi 592, 16 11118 81111118 909, 9
8111449011111996,8 5 (1101816111 916,9, ιο 11111811 9904 “
3111οἓ90 1, 18,9 9,190,11110111910111489,111111111

10 911, 6 · 1111001181991,9 11111699,9,800,9.11“1,
381010181,6.189,6, 949, 11110090101111680,1 ‚ du1240,2.304‚ 7.414,1

11110811011101819, 10 · 1111101144, 1, 289, 8

0111011909, 11 1810011901111001861,6 1111119909. ⁸9⁸27 ,99,
0111018 168, 8 141100100011698, 8
0811111111 891, 8. 90916 0110011901484, 9 1111111119 9,6 95 -
chorda 909, 9, 19 ei: 1100111010οῑ 888, 1 11110 Ι498, 6. ,,999 4. 896,9
18011111 998,9, 991,1 0110101081 11,9 618,6 11411011101894,

1801111999 11111101108111944 9 . 111101 999, 9
1801111191,1,988,1 1481080919 ’ 1114110119,9,998,1.969,
1110116,6 · 1111141, 41199. 9089
180111196,9.160,4,891,1 1811119909 110016996, 469944. 591, y
1801111691, 419,1 11111111 644. 94, 4. 111, 1. 9488, 9. 655, 7. 964,
18010110,9.994,4,991,1 4, 160,9,198,9 1. 698 9
thorun 909, 3. 841, 861,1111111ει94141,6.199,111111141,4,196,9198,

9. 8901, 8981 ’ 1908, 6618, 11. 998, 9. 10, 911,6
0811011419, 9, 880, 5 chffern655,4
0811111111 1099 ’ 1 0181111648,19 ’ 1111111899,11
08196941641,19 1118110101 909, 4 1811110 4³91

0801111111 4 11111 1114 11111 61110 11181 ⁶⁶ 4
081919901941 11. 666,1 689 98991111181119949

tibuit 908,11 1410901, 6 ‚ 11101111,114 5

1160 449 9 1111111111 918, 9 11101101494,10
1160111198, 9 14019149. 614,1 1111111111 166,6 608, 9 619,
1466010494, 8..608,9 619,1 1111119644. ¹²}

1161116 91, 14 · 1110104881 0111101969, 4. 9894
016911 atita 75 5 2 111111 140, 9. 184, 9, 611, 6. 0110110110,990,1

enutritum ⁶134, 5 894, 11 0111111111 981, 11

1111111119 6,49 111110684,19.994,9 01100101419,9.941, 9,
1111116949 1111111, 1, 573, 7 999,111111111011111111.149,9
1111119 9,1. 900, 10 8949 919,9,11·1919,91111111111808

0101119699- ’ 11111119 11111691,9 7814,9
01111111 969,1 1116118061 , ’ 1111180 109, 2
(1180119110,9 1111119449 111101191,.6 99ς,9
1110011618,1 civium 335, 10 1111111 941, 4

cicuta 618 4 1811011146, 1 1110111169,10
11101189911 “ 1111111189, ξ 18161411, 6 ·
0410109114 6499 11111119994, · 1111181198, 6.- 989, ⁶. 894,
0110109191.11116999 1811Ιί11111499,9,υ 916,1 9 ,

 

