VocAnutonuu 0110111111 l

0111061651, ’5. 789,9 5 0000910ωο76,5
'obscurum 119, 3. 780, 0. «0090105570
904, 5 0000ρο1ιο05, 5 ,
11111001οι 875, 4 0000710111 51, 1. 40755
6610100665, 7 11111711 337, 1 0101018599
obsecro 767, 10 ⁸ 00005101 197, 7. 749, 10. 0101160107, 0. 489,9
obsequio 690, ιο 7101111011 . odoror47o,4
obsequium 686, 6. 711, ιο. occupet 0111410001 110610ιό150511ῗο105786
8 10 9ιο,0 01 57,1
0111οᾌ61491, 1 0111170590, 5 010110 609, 1
obsessam ⁴7⁶›⁶ occurram 451, 10. 555, 7. 0611001654, 10 ,
61110 695, 3 597,4 0101101 601,4 5
06610 78, ι etcum* 7596 offendam 910, 5
obsoleti 491, 0 01001111 597, 6 offendar 768, 9. 905, 11
obsoleti 180‚2 occurrunt 5⁶¹23 0600100 556, 15 ’
obsonia 518, ι. 607,ι. 71100 000100 18, 5. 154, 4. 586,0 offendam 714,
0111110101 077, 0. 505, 4. 0111101419Α. 41417 06001008988
..811181188171 &ammata zffzzssz‘„{²‚⁰;‡⁶⁶³⁰’¹
01111110 645, ιι 06101010 764,0 0600000101194, 8
obstaret 397, 4 06101101 61 1,4 offense 478, 5
0660151411. 507,1.695,6 0680106974 Ι 0110011619,0
obstet 509, 7. 86014 »06111001 166, 5 060010149015. 767, 3
0111101110 491, 77 octavu· 667, 4 offer 741, 7
6611100111 095, 3 0610 650, 9 1111015770, 0
obstipo 690, 9 0610 1111111601 nmmum 856, 0111010110 506, 8
0601010555 ς ο offitii· 702, 0. 764, 0. 857,
08810900111007,4 0610511110 00000 110101 649, 15 ιι. 860, 11
0610171560, 7. 419, 4 06101111 576, 0 060100 4906
obstrepunt 433, 5 00011757, 10 officum 21, 3
06606111ι6,0 00011 18, ’1. 104, 1. 556, 6. 0111010694, 5
06111109111654,1 516, ²· 555, 1. 559, 7. οὦ0101176ο,6
0110601767, ιο 665, 9. 755, 7. 801, ιι. 018010101686, 7
obticuit 898, 0 875. ι 5. 8 8, 14, 910, 15 0111011505, ιο. 596,5
,7715774445 ” ἱ 00010158, 5. 507, 5. 6877. 0160001810, 5. 855, 4. 890,
0610101101 576, 8 716. ¹4· 7⁸92ss ²: 89910. 9007
obtulit 313, 7. 574, 15 000101178, 0. 196, 7. 597, affictum 111010 804, 11
06101001 8697 10. ⁶⁸52 6173917· 7351 1111155791 690,15
obvius 598, 7. 698, 0 ιι. 8487 010οι0 768, 5. 851, 5
011101101707,1 0070119,8.017,5.156,6 010116095 ¹
0001600010 470, 5 ocyor Euro 017, 4 0105 609, 7
00006870 1117111 161, 1. 197, 2· 590, 01011607,6 Ι
widem 9¹⁴2 3 y 8. 706, 8. 7ιο. 11.788,10 01001501 465, 0
occidentis 427, 9 oder} 064, ιι. 547,11 0101115 500, 5
occidere 655, 11. 801, 5 060111 55, 0. 017, 6 0101111170,7
occideris 393‚5 oderunt 511, ¹5!- 799, 15. 0100 650, ι. 690, 3. 718, 7
occidi 799, 11 ,3161114 11111 510, 0. 550, 6. 775, 4
0001ἀί0475, 5 01111491. 058, 1. 510, 1. oleum 669, 8.’ 70658
006611111865, 15 3889, 6 011110 751, 5
occidit, 701111. brevi 951 1· 0111111111 31615 (1111114313. 190, 4. 095,1.
107, 5. 787, 6. 580. 8, bu. 01110 580, 5. 740, 16. 777, 576, ι. 400, 1· 437, 5,
090161070101011115665009· ¹2· 7391 9· 825.1 475, 7. 508, . 554, ι,
157... 91011 1111111111.1.111.1 1111. 547, .ςςς.1.
...1015010 111119 6164 . 111. 1.. 171. 111111.
occultam 797, 11 0118153311. 31413 15. 57610. 585, 5, 640,
occultare 312»² 18661517· 7311 ¹· 761111· 7· ⁶ 2, 3· 700, 5. 7440.
00010544. 7101 781. 7· 8¹¹, 1. ⁶· 829, 1. 1677. 114,
occuitum 554, 9. 765, 15 858, 5 01110111 810, 6
occupa 60‚1 odium784.4 · 0111114761
«009161101481,4 - 0111470131 677,7 011110 100, 2. 435, 7, 559,
occupare 480, 10 0101001454, 8 4. 77180
95005101 403, 10· ⁶33, 61 01101811 192‚9 0111111175044

765, 7. 816, 7 odorati} 3179. ⁸2 olivetis ιιι, 5

 

