² 111111111741,4 ⁴ ’ Cyclope

ι 801111101111 01111111.
1611114466 ⁴ 17111111 884,1 811100 71. 6797 ⁶

¹ currente 191, 4. 874, 11 0711071 {6108- 864,11’ 818111·11,1.111,1.14ο7’
currere 717, 6. 791, 4. 799, Ογ11071118158,’61 . . 1181018716, 10 .
, ..11111 511111 ᾳ141111.411

αἱ11371111 χε1111411681 ’ 81611116.1.871,1.174,1

2 1111111101, 2 Cyllenea 477, 7 v ¹ Damen 309, 1

· 1111111 708, 10. 919, 8. 779, 0711111111

1111111 · 11111, ,1, , 11111111
111111 76, 1. 91,1. 180, 7. 761, 6. 789,4 8111811887,ς
777,1. 497, 7. 572, 7. 6371711111 414,8 8111109,”7.’708,5 .
796, 7. 847, 7 07111111 804, 8 81111809, 1
’ ’1111011187 0711111117 148 8111118778
86, 1 Danubium 417, 1
1 , em· ις, 1 dabam 177,·5 ·
11111641 1· 4611· 5¹42 011714. 8· 3⁶4‚4 11111414. 4111 ²· 411.
11 0771111778, 7 5· 460,1.701,1. 890. 7
11161111 406, 4 cypron 116,1 8171611 114, 7. 17 ,7. 679,4
1116111701,10 0771111180, 8. 747,1 81911776, 8. 4, 11. 497,
1111117001. 687, 11. 817, Cypri, propr. 11ς,6 8. 701,1. 07,10
“ 8. 909,8 07711,117.7ςς,7 1111811εό778
cursum 878,1 , cyrum 74, 4 01181111 787, 4
11141116.6.117,4 07111,71471.117,6 ’ dmum· 117,4. 196, 6.
111161164719 0711111107 ‚ ,²99¹ 1. 717, 1. 478, 7.
’1111117774 171111171ομ 517, 7. 771, 7. 64610.
11111111 7777 · ’ 680, 7. 754, 10
01161111718, 10 8111111110 681, 1
1111119987 , 81111104871
111101110778,1 · 1). 811111111088ς,4.911,1..
01111751, 7 8111118111111011 199, 1
’ 8888881811 DA 710, 771141.. 717, ς. {2222}ssss 717, 1 ⁷
cumt293‚5 800,9.611 811677, 7. 666, 7. 760, 1. ¹
{ww 8111111189, 7. 787, 7. 811, 81888834888137 m 6.
· 1 · 1
111111471ζ 1 81110111 711,1 8111 77, 5. 897, 11.
11110 787, 14. 466, 11. 8111117777. 760,1 81114771. 497, 7. 500,
879,1 ’ 8111111, 9. 79, 7.. 687, 9. 9. 807,7
- 1114111511 68861111· 8111 811 71411
cuspide 787, 4. 614, 10 8111111617, 8. 876, 17 11111119,.7. 161, 1. 8676
ι 1111081111,7. 411, 8. 801, dabunt 70,7 811111181111707, 1
1. 887, 9 11114187, 6 8110161,1. 1711. 874, 17
1180111117οΜ. 854, 9 1111118714 8111111183, 4. 615,4
«161171161111116 3171111177· 41111· 11614 dmg} 14· 555, ⁹· m,
. 2 111 ,1 4· 11
1180888788, 8 1111811110 876, 6 ditum 5891 1
11808111617,1 11181111 19, 6 8111101181, 1 ,
custodis, 1111. 774, 6 1181111110170, 1 8111111766, 7. 900, 7. 698,Ι
custodis, verb. 649, 18, 671, 1111116911, 7. 70717 7. 8 7,1
x 12 81111101 81111841
1181811 741,6 Datnae propr. 777,11. 684,1 1111114176
1161177,7.117,7.166,1. 11111111781 1111111901
718, 4. 787, 2. 697, ,6. 1110181197, 7. 178,1 1111111 1707, 6. 789,7
14611111* 8146116411· 66111 ”mma 2⁸ ‘
’ 1111 7711, 6. 809,7 0111111791 644,4 11106097
woebessssfflffi 74719 1)101167711644,7 1111111707, ς . .
1111171108,6.4914, 11 8111101781,9. 7979 navus 670, 8. 707, 1. 811.
1711111711,1 ’ 81111161667,7 , 7111 ·881‚23· 393110
1711110 710, 11. 57904 dammti647,1 81811471, 7. genere 1101 50'»

1111101187,1.711,“7 7 damnatum ²5224 7.1111111811789,7.10611 ·

cyathum 114,7 81111111081 681888 66014· 7891 81
6711181161, 7. 771, 11 8111171767. 7. 1083 166711, · ,

 

