Vucuuuuouuu 0111111111.

1181115661. 51617, ’ 781, 6.. 461, 4. 416, 5. praetulit 403‚5
11161611656,6 ’ 711, 4. 756, 7. 81911 Ρ111111111111Ρ111661 “
11181111 716, 5. 418, 1. 9111111567 9111116111574,4
561, 1 prelium 416, 9 ³ 9111161811, 1111916116611
1111111111111849,6 91110897 “ “ 91116111661,1
11111111 756, 1. 788, 11. 91111111771,6 , 9111611118667
⁸09¹² 9111111164. 794, 7. 4741 1· 9111616791
1116111 5767 ’ 566, 7. 614, 8. 744, 9· 911111 96611
111611 767, 7 · 77112· 3371 3· 858, ¹3 9111111 §59⁹²
111611171,7.467,16. 551,1 Ρ1111111166, 1. 77 5, 1 pransus 581, 7
1116111 561, 1 Praenestinus 584, 7 91111469, 7. 4761
1111111111 8166 pra-niteat 115, 4 pratentibus 671, 8 '
uraecedentibur 741, 10 prenomine 685, 1 911111 717, 9. 747, 9. ’796 7
praecedere 595, 7 91191111 766, 16 . 91116 789, 1
praecedes 220‚7 9119111111196,1 7111111561. 574,11.658,5.
9111614596 9119111111 54616 7691 · ·
pracepit621,4 91196111176,1.761,5 91111111 86611 ⁴
praecrp231‚1. 547,8. 811,1. 9111611684, 8 “ 911116471. 7791. 8556. ·
891, 15 9111111911 7664 879, 11
91111911 641, 7. 671, 9. 911111161614,1 911117761 ,
681, 1. 726,4 9111111911671,5 “ 911111161111111111111618,5
911119111676,1 911111191111187,7. 1161 9111115754. 7641 · ’
91111911111111111, 841, 16 9111111 1761. 117, 5. 2⁶7, Ι71116875, 14
9111191111 769,7 ⁸ 1. 41611. 6497. 7768. pravorum 61616
9111111111 7764 851, 6. 889, 1 91111111 819, 5
9111111611 7161 911111111111119111876,6 9111111 551, 5 ·
9111116111 557,7 91111111877,7 911“1111111111,1. 49523
9111191991 < praesentes 617,1 9111111817, 5 ι
911119111961,6 91111111 819,1 911111176616 ,
9111191111 66 5, 1 · 911116111841, 6 precatus 656, 5
911119111111,11111.17,1. 511, 9111116611418,8.315,7 prece 11, 6. 88, 4. 171,1.’ ' ν
11 · 91161111 1869 7461. 785, 7. 49614.
911119111667,1 9111191 794,1 697, 4. 7761. 841, 7.
91111911774,6,855,1 praesertim 574,11. 817, 7. 86614
praeclara 686, 5 916, 7 1 prece 11111118 967, 7
91111111 11119111. 679, 7 9116616691. 558, 5. 815, 9 prece 1111111786, 1
9111111111 517, 6 9116611111 ,1, 1. 1494. 858, 5 prete 111111 788, 1
91111111 578, 7 praestabo 762, 1 , 91111111 716, 6 ·
1118101716 1111111671. ⁶· 111. ς 1111111911· 1181· 161. r:
9111657617. 9164 711811161777,1ο 451, 6. 4668. 51616.
91116166764, 11 9111111756, 16 841, 5 “
91116111 441, 6. 617, 7 91111111 767, 11 911111 fundis 492, 1
9111611111 489, 11. 551, 7. 9118678611 precetur 89o‚9
677, 5 9118115191 precibus 96, 7. 111, 1. 787,
9111616111478, 1. 451, 7. 91111616 5167 , 13. 695‚6
468, 11 praesumis 632, 11 911111 16, 5. 111, 1. 761, 1.
precurrere 774, 6 911111 catera 866, 8 br'r. 446, 2. 444, 7
praecurreret 581, 7 91111117111111 7966 91111161 419, 5
91111 323, 6. 78616. 466, 91111111 568, 7. 657, 17. 9161111194
11. 6447 686 4 9111111781,1.811,17 ,
91117749117991 911111661617194 911111119668 ⁴
91111111 176 1 9111111111 791, 8. 9691 premendo 188, 3
9116111111 8 59, 17 91111111111 195, 4 premerer 159, 9
9116116591. 6967. 711,4 pratereundum 775,1 premet 11, 4. 8ῐς,7
9111166111 511,1 , praeterita 595, 1 911111175916. 784, 16. 711,
9111111161, 16 9111111111 515,1 9. 716, 8. 864, 5. 89511
9181114176 “ 911111111566,4 9111111151. 751,5
911718111111 167, 9 91111161661181111 898, 6 premuntur 848, 4
9114111111111 744, 1 9111161654, 1. 658, 7. 8569 91111111 597, 9
praegravet 671, 1. 818, 1 praetore 560,2. 587, 9. 7741 prensus 114, 1
911116111761,1 9111611111 578, 5 94111161, 1. 757, 4. 471, 5.
- puelia 17, 16. 74, 7. 1591. praetorius 6467 475, 7. 679,4
15,6. 761, 5. 7197, 9111111111 691 pressu 820, 10

 

