800333303333 0331311336

3361103779, 3 3447 · 3131613433 6486. 8044
arbiter Adnae 17,ς = treus 31333133 8788 Α3311730397,6
430343433333, 10 336033343. 348, 31 Aristophanes544‚1
336133303133660103448,6 3360010330ομ3 ,9344 ,4313133363
3366313333, 6 ardente· 383, 3313333343 1344613, 348. 1
3361610347, 4. 647, 3. 6947 33603333 393 3 1. 369,6. 37,8. 443
arbitrium 33.8,0 878, 7 33600490,3 403,8 8463, 3. 7,, 3,
3363 rum 379 33 , 33603833, 33 713, 6, 8043
arbor 54 4, 30, 6. 360,.6 3331033301. 469, 33 33331338343
3881... 3,. :13:253¹⁵⁵²⁵’¹³ 88813816.
arborem 743 483, 3 3363313334, 3. 139, 1. 3343 Armenius 783, 3 ,
3360300 3,83 4 3331303339, 13 armentum, 1. 4447
3606333939, 3946 arduum 19, 9. 3343 , 3360313333343. 7646
arboris 386, 3 3303 330, 3, 773, 9 umis livida 401133 brachia 36,
0360333333,8,4, 436,1 ’ 33033443 2
33663 398,3 330104, 3 Ι 0333133346, 368, 3. 3844,
,13636οι63 630,8 11301Ιί7044 420,.4 333, 3. 668, 10 3
, 3363833443 3301337346 7344 813, ,,14 8343,
arbusto 3844 trena 106, 1, Πομ 88488 9, 7.9ο, 4
33633348 . arenas 360, 30 0333003783, 676, 6. 731,
arbutos 73, 1 330330 473, 4 7
3303333, 30. 3841, 649, 3103100360 30 armorum 3344
34, 7084 33033348, 8046 3330406847
,83036104346 Argao 173 3 arrepta 390 3
arcana 468, ιο. 478, 33, argentea 7044 11311647, 3, 660,9
636, 63 3340331309, 8, 347, 7. 646, 3333600188013
33033363033448,8 3. 633, 3. 6443 833, 33316030 6333

arcane 3348, 3 3 3331436389 ' ¹
arcani 78 3 0140310134,4,403,8,333, 3333411μό7 4
330333 308, 303333161904 314 ιι]
arcanum 3373 ,8347 3340331333 739 3. 739, 33, arrogantem 3444
urcem 69,3 7 733, 30, 801, 13, 868, 333043310397, 9
33300 338 3 11111111141337
330030769, 1 . 38340033183430 arroget675‚3· 831, 9, 883, .
33003373, ς. 3343, ,436,3. 3331113836, 8 8
436,4. 303, 3. 8346 31341363 0, 8, 8643. 883,4 3360311390, 8
3300363308, 3 · 1134131310, 4 33116Μο476,
33001133 833 ,3 4341313337, 3 3311113 389 6
3300660749, 3 Α3403333133438,6 . 3361164334οομ3 3648. ,
· 0100161846, 3 Argoo 486, 5 839,1
3333036133 663 4 Argos 30,4 3310 343 3348. 3043,
33333, 33333313 311333;3;33;3;
[1336100113 831 3,ς 3343311468, 3 9⁰9· 4
4306310633 6396 8743 33433333 8386 ’ 3330336849. 7443. 790, ’
Archyta 306,3 3343313603, 3 . 3
8888164. . {53:392} ³⁸⁹’' 38811383...
33613 00333333 733 3 33433333 9046 33103 398, 4343. 376,4.
33613 3043833 30 3140133790, 1 7344. 733, 30 63813
3361163477, 3 misma 8446. 830,3
33610833, 3 arida9o,4 191,6 33118 3.6,7 83413 -
3136103043 33163399, 3, 433, 7 3311633683, 3, 8344
3138033346 aridum 3343 4443. 700, 3331031,00703 3
erstem 700, 8. 763, 31 33 31113494, 33, 343, 4673,
31363313443 andus 4903 3. 8,39,1893, 10
mu 88, 6. 334, ς. 388, 3, 4313313063 6033 44738 3313333 363, 10. 3943. ,434
330, S. 396,4,401,3,3313333,1 8
303, 3 Α311133013333933,4 3331633, v. 3310131311
33033339483644113111177437 31333633 377,6
33033 9039 83363443 7364 8047 3113333044
333304406313606633 mium· ,4316134333 8043 33303349, 369, 10, 484,

 

