600550555055 0555555556,

&sterria 766, 6. 8588 5 8100561000 749, 7
85118οὶ856556. 655555 humum 887, 7 finum 457, 9
sefostassffll 6186888 78458 60555746,10.466,95 73959
fetosam 564, 6 67555050 877, 7 6505587155. 556, 8
650 quod 65858114.4 67015885 ’ Siren 645,5 “
55550588, 50 67515787. 5687. 567,7 6155000757,9
0554865885 67006487 , 1157484478, 9. 555, ·.
severi 507, 7. 8487 64501575551510 8699 550, 9. 557, 55. 658, .
{everis 819, 5. 895, 54 6755005 rtrum 955, 1 ⁶47» 3· ⁶ 65 7· 734,2
6555515, verb. 75, 5 meant 797, 5 Sisenna 585, 7
[creto 855, 55 , 61555690, 8 61557544
6555500885,6 61560 55, 7. 405,6 61677005 508, 5. 497, 70,
,155505 555. 5565. r· 5505 6556 65355 555. 5· 655. 1.
scr 756, 7 615060 505, 5. 548, 7. 765, fite 465, 50
tramine 555,4 8 3151505515 747, 9
Sexti 55,5 ’ mendum 448, 7. 455, 5. 31ὼο011577,5
Sextilem 759, 5 468, 5 66501015 479,6
Sextili 778, 3 ' 8115005 897, 55 66505 555, 55
61515 6, 5. 575, 5. 505, 5. 669015 845, 5 66555 556, 6. 450, 7. 866, 6,
508, 55. 555, 5. 559, ’4. 8115 53453 865556550555555015855,7
“ 557, 5. 558, 5, 575, 6, 6155, vide 67155 65155584
555. 1¹· 555. 55· 555. 5· fin ⁵50» ¹0 §⁷428 ¹1³⁰ 5504
55686· ‘⁷⁷' '⁰⁸⁶⁶‘ ‘ ‘¹⁰⁰2‘ 86 '⁵⁴' ⁵⁵⁵' ⁸· ⁶⁴¹⁹ 613ἲ688ζιξξ’5ἒ”9”““
3115716561 4985 69711505 5084. 755, 5. 564, 6505 agri 766, 4 Μ
8155555651 450, 5 5. 644, 5 fitur, plur. 854, 6
Sicambros 769, 59 fimiter 657, 7 655 55, 4, 6. 57, mr, 757Α
Sicana 490, 7 ‘ ⁴ 655111 784, 9. 545, 7. 859,6 55, 855.
ficarios 544,4 60111595, 5. 744, 5. 557, 7. Smyrna 776, 7
ficta 596, 9 5 0, 9. 690, 9. 895, 5 sobolem 497, 55
65555 50, 5 6066115055 864, 7 sobole· 705, 8. 774, 7
sacrat 699, 5 650105 605, 7 sobrius 589, 4. 6784
necati· 575, 8 150015 474, 4 60551 879, 7
65555 474, 54 , 1555005 893, 11 10550 846, 9. 880, 5
65517885 6555715857, 5. 75, 7. 670, 6055506887
fictir 58, 5. 75, 7. 486, 7. .675,5. 678, .·869, 7. socerorum 5687
675, 7. 8595 95,5 socerum 598, 5. 554, 5,4
65565 754, 12' 6091555505055 875, 5 Ι 821, 7
655555 655, 9. 665, 5. 804,5 6555911555 585, 5 socialiter 895, 6
Sicula 560, 7 65071151 544, 7. 456, 8 [oriunda 7989
6150155558, 5. 5494 6509115105 576,7 ’ - 105675,7
Siculas 780, 4 6555015555 574,4 ‚ sociis 777, 7. 778, 5. 847, g
siculi 740, 57. 874, 5. 957, 6500150515 8577 60510845, 4
55 ’ 60501555 874, 50 6051050 778, 9
6155657885 6001557085 605105 6895
, Siculum 5555555945 ’ 6001558585 80506559084 1,
suut 467, 5. 508, 55 60 749, 5 ⁴ Socraticam 554, 9
¹fider-r 7, 5, 55, 5. 554, 4. 6505585 605556515755,8 x
545, 8. 585, 5. 448 5. 60555050 575, 55. 7489 60515155 505, 5. 579,7 ’
477,5. 487, 5. 5987 finem. 805, 6. 80651 sodali 99, 3. 757,4 ,,
68555544, 5. 590, 55 finrbant213‚2 1085111505 570, 5. 794, 2q
65155050 479, 5. 499,6 604015 577, 5. 590, 4· 6²⁶, 656, 5. 764, 57
8100064887 ‚ , 5.700,57. 859,57.880,,5 60515115 6987 ·
Sidonio 773, n 60455105 5984 sodalium 17 5
6855 55, 5. 798, 5. 458, 55. 60701605755 {oder 595, .770, 5. 7677
465, 9. 490, 55. 584, 6070150575ο,54 5798,8.955,7
1 .’ 6051155588 601 580, 4. 770, 50. 786, 5,
6511158686 6551669585 455, 50. 465, ,6. 497, ’7.
6961575555 pudico 8547 6016500005 465, 50. 6496 585, 5. ,8585 ¹ Α
6755755671115 697, 5 ¹srnt 508, 55. 650, 7. 655, ’ 601 veniens 796, 6. 1665585054
6505 585, 7. 569, 5. 567, 2. 677, 7. 699,55 ibid.
’555 455, 7. 465, 5. 57, 690558,5.657,6 6015400, 5. 75557 ,
7. 679, 5. 857, 57. 54, 6005655694 6015507588

l

 

