⁴ ¹ INDEX

11111111 5864 1. 701, 5. 706, 1. 788, usque, 111 est, 1111411 71, 6,Ὶ
1111118111, 5. 5541. 414, “ 1, 891, es 185,1. 560, 4. 511, 5. Ἴ
..1...1-,,.. ”¹⁶5⁵ss3 6. ,818 ziz:- 118 8 ,8ῗί6· ¹¹¹
111111111116,8 6. 4191. 747, 5. 861, 11411119114119111111161111
111111111171.51,1. 187, 1. 51878,1.885,5 514,1,
“ 590,10 1¹ 1161 555, 6. 798, 5. 841, 1181111 71,7
vomerum 705, 5 6 11111461, 2
1111116475. 814,7 1161611 69, 8. 464, 5. 777, 1110466,5
10111118 647, 4 1 usu 155, 3
voluit 1961. 641, 6 1111115-0, 5. 701,11. 770, 111111 101, 1. 171, 4. 5165.
volvitur 417, 5 5. 788, 9. 816, 5 654,15. 657,1. 789, 11 5
1111111111784, 1. 850, 5 1111111510, 5. 556,1. 574, usus 11111. 7111781445. 155, ¹
11111111111111 ² 3· 511. 5· 700, 1· 131
1011111817, 7. 901,4 · 11614568 4. 58, 8. 864, 6. 816,;
11110111115,7 11111111874,11 , 19. 868,1. 878,6 ¹
1011111111 5193- 62115· 758, 11111111 554, 5 1111711611). 551, ιο. 595, 1
9. 8481. 865, 14 1111111794,11 10
. voluptas empta dolore 740, urent490,4 ' ‘ 111711 quando 560,1.416, ¹
10 urente566‚9 ’ 7. 458,6 ’ ¹
1011911111741, 10 11111467, 6. 597,11 “ 11, id est, 9016911111 4451.
111111911111111113901,9 ureret 588, 6. 456,4 457, 7. 486, 12· 656,
1011111505, 1. 759, 14 meris 476, 5. 799, 10 5, 765, 15. 878,9
10111114588 · uret 66, 5. 774, 16. 784, 111,1”.ι. 91611111985.
1111111549, 6 161, 1191, 2. 441, 5.
vortices 187,1 , ‚ 1111690,14. 694,5 745,8
10165051. 898,9 urgendo 188,1 11,1. 46911111 541, 14311 6
vos plaudite 887, 3 urgent 65, 5 9. 456, 6 ,
vota 571, 6. 598, 5412, 11511111401,1 nt 1“.ι 11111111 4911414911 ¹
7. 456,7 ¹ 115111680,4.911,5 “ ’ 1. 698,4
voti compos 878, 11 urgeris 545, 2 111 ἱ. e. 16114111 141158
111111 181,1. 358¹, ²· 383, 11111185, 6.,117, 4. 788, 11 1. e. 1111411111, 11111· ,
¹3· 191. 4· 50³¹ ¹¹· 11 444, 9· 44111111· 4
508, 1. 691, 1. 698, 1411155615 bis ¹
10 uri 282, 7. 708,5 11, 7119101111101119111111 ¹
votiva 14, 6. 616, 5. 745, 1111111117,11 745,1. 765,4 “
=7 111111, 3. 80, 7, 5. 518, 11, 1.ι.11111111618,8 ,
νοιὶν1111115,4 ’ 4. 756, 8. 818,11 11111111756, 1· 76411- ⁸04¹ 1
41119 555, 2. 740, 11. 789, urna 161,1. 141, 2. 196, 8. 858,5 5
12 8. 510111. 5676. 594, 11111411111111175715
1111111771,1 - 2 '⁸ 1161857,4
101111747,1 urnam 617, 9. θ95,1 1111611761, 9. 76911
10111111 185, 6 uror 58, 4 11 lubet 641. 11
111111. 1111111111 · 1111111.
1 1 1 1
urbana 789, 11 ursus 485, 7. 914, 8 1111111111 546,10
1161111771,1 › 11111178;,8 1111161147. 1. 71911
u'rhanissou,5 ’ 1611111591 111111911111111711,7
urbano 891, 11 “ . 11111161 450, 9 ut multum 546,1
11611111700,6 1191111994. 09,4. 616, 11116841
1111111111 5511161914· 70¹³ 3· 7061 4· 762. 3· 8551 utpote 54722· 5⁶⁸¹ ¹· ⁶⁷¹²
1116361766Ῑ ,786876 5. 497. 1119511510, 1. 550, 7. 591, 1166981966611
1811. 255533· 81 ..,11·.111.’.,,. 111113ςὲ
„ 7. 787, 7 usquedum 546, 9 11111655, 1
1111111118, 4. 111, 4176, 4. 1119111,“1“11171, 1111111 227, 7.· 1111117111.δ 71, 6. Ῑ1114·’
46710. 481, 5. 497, 48410. 610, 1. 705, 111,7. 1614811118·
1. 500, 1. 507,1·· 573, 10 49¹2ss
7. 591, 3. 591,11. 600, 11411918 86711 ⁴ 1111 546, 5. 648 ⁸⁶⁶st

 

