· 800110101011011111111

911601711, 11 525, 5. 518, 5. 546, ς. 5. 91197 -
plectro 101, 6. 154,5. 101, 5. 754, 1. 807, 5. 911,1 900111,11171,18615111 54555,
1611 . ’ 1181116 11111. 71616· 611111 ·
11161111161 ³09· ιο “ 1111· 61. 3· 1114
18111101) 417,1 ‚ 116516018511 ponet 564, 4. 5595 ¹.
9110118575.411,1. 859,6 1111111110 78, 4. 1151. 9011115561 851,7
8815. 11116 . 11411 v “ 161461111111119
9111111197,5 plusquam 510, 5. 797,8. 90111018191
1111111111 8191 , · 90¹²it24723· 409,5.666,2,
plenior 510, 14. 866, 14 91111111 61191111 416, 8 701, 14. 8 50, 11
9111114157 Ρ111011105,6 ’ 901111111887,8
9111161111565,5 “ Ρ111011111, 5 . 90161181, 4. 541,6
9110111101,1.755,4 9111111558 9000 7151, 798,11
9111111111910 856, 10 pluvios 11110171, 6 ponte 641, 5
5111101515. 517, 5. sonu· 'pluvius 11111 874, 8 , 9011151615, 5
761, 9. 901,8 9011111411, 1 90111 561, 1
911101091110111785,7 poculum 447, 4. 450, 14, Pontica 61,1
9111111175,5.’148,5. 540,1 494,11 8011101111 5594
plenum letitie 10,11 Ι 9010515994 90116115 0, 6. 49756
9111111405, 2195. 814,8 9061111548, 8. 550,5. 8555. 9111111111οΜ 331, 5,
9111191185 ,1. 876,6 856,10.851,11. 86511. 850,5 ,
1111111111 1111 “ 16161111· 1661
plerumque 118, 1. 517, 1. 908011111190106 750,6 90111115497
¹ 35415· 601, 7· ⁶87· 7· 9⁰⁰⁸ ΙιΙ1 ²· ²4923· 384, ΡΟΙπιη 25819
816, 6. 86115. 874, 4. 108445 1016115615
880,6 ’ 90111818115191 - ,1 9091110 765,6
9101111 10,16 9011111101 490,8 9191117888
111οῐωὲΙῆ 5· ⁶8922 ’ 9111011505157713 ΡοΡξΜ 67815
91111111 1914 1100111565. 199,»10 919110 706, 15 ,.
9101111568, 6. 807, 15 9118119095 1109111011 6058
ploravere 818,7 1 90615697. 841,8. 850,10. 9091157115
ploravit 186, 1 879, ιο. 911, 5 9091111111146,11
68868ξ8 ² ῧζὲἷΐέἕζῖ, 8138889,ῗὲ 2
ploret 197,1 Polemon 661, 4 9091118111 101, 1
91010 548,6 pollet 894,1 “ 90911111114754 ·
plostello 661, 5 pollice, 814, 8 populata 170, 1
Plotius 561,4 611, 5 9011111111 66,1. 115, 1. 585, 9090111514
9111111404, 1. 615, 1 ³· 76914 1011111,5111“1. 511, 8. 619, 4.
9111111156, 5 Pollio ¹49· 5. 605, ς. 611,7 865, 5
9111111445,10 “ 901101111 584,7 9090107, 1. 15, 6. 88, 2.
9111111744,5. 8751 1101111518. 558,7..818,5 15115- 585, 7. 571, 4
plumbenzAustet693,9 9010494,8 76, 6. 647,1, 758, 5·
9111011111 155, 1. 775, 9 1101917111 7,1 . 01, 9. 889,3 ·
1111111611· 11116111» 1111111416. 5· 1116 1111111161.1.151,,
114861. 500, 6. 556, 90116651. 685,9 9191119451
15. 575, 5. 606, 7. 775, 1. pomaria 51,1 1016111661111451, 6
849,6. 866, 7, 8. 869, 6. 9011111111 659,1 ,19011111017599 ,
136311011951111 ² 5155151615 511,7 9051511111601 160, 3, ⁸⁶7⁸
⁹355?ss 11ἒῖ1366461 goari? 646611 1816 1355511614
οἷ 153,Ῑῖ 847⁵ng 6Ξῖ 11Ὺ118831191, 11 61111163ςῖ1
4. Pomponius 549, 5 90110 516, 1. 800, 6. ⁸43st
pluribus 418,,11. ι556, 14, 90011661,4 9011011651,11. 74919 “
63416. 751, 4. 871, 1 96011111 756,1 Porphyrion 165,6
91111011 564, 5. 516, 11. 9011111167,4. 509, 8. 616, 90111611 411, 6. 459, 16. ,
808,5 5. 811,5 . · 466911. 718,1. ⁸¹⁶224
9111111111 569,4 9001 90, 5. 91,1. 191, 4. 90111610 558,4 j ¹
9111111515 ‹ 411, 5. 798, 11 , 9111611191, 3. 6¹25, 7!
91111518,11.571,5. 591,6. 901111 17,6. 19,11. 574, 4. 701, 19 ,-
1111· 6618 11111 116. ¹· 616111 1111611 1. ⁷· 711,’,,
9111518,8.510,40.515,7. ,671,1. 711, 7. 899. 6188558. ·

 

