Vocnnnnonun 07777777.

8597. 895, 5 ⁸«

>ribo 775. ¹· 7471

nbrae 5996
‚ihm ⁷224
7777177 4896
umbem 7793
7771777499
9777117797
77717179 677, to
77771717 9,6 ,
nmen219,6
7777777 995,5
umnam 7797
7777977775,7 , 8995

977 878, 5 comparat 4798 ‘

77894. 7794 comperet 574, 79. 8796
ne 777, 7. 799 6. 494, compano nom

3 compede 776, 6. 497, 8.
nom23,4. 7998. 767, 447, 7. 7497
4.,469, 75 compedibus 897, 7

nas 757, 6. 8494 7977771199 584, 6

nbiberet 747, 7 compellar 767, 77
7717717767, 9· ι 7977771177 667, 5
7717777997 compenset 576, 74 x
7777 799, 7. 784, 79. 478, comperit 8711, 79 ’

7. 556, 4. 577, 76. 797, compescant 7898

6. 777, 9. 897, 77. 869, compesce 70, 7. 777, 7.

6777777197 689, 74 7967611967 77977
mesfibepe 763,

compesceret 89,7
mica 777 879, 1² compescet 864, 9
7771777 699, 8 compescit 796, e
7717777, 7. 5594. 695, compilasse 575,7
4. eoo, 9. 199, 4. 779, conpilent 5798
7. 8698 compita 6496. 665, 5. 698,
mirem 777, 7. 87979 Ι 7. 778,9
mite· 77, 7. 779, 8. 795, complere 8594. 8997
n· 400, ⁸· 409› ¹· 577. 9971711457 7
6. 58976. 679,6 compienne 65697
miti 768, 7 7977917777 Δ77, 7
7777771777 891, 8 compone 776, 7
77777177 899, 7. 855,7 componere 756, 7. 574, 7.
77777777177875,4 545,4. 559, 6. 678, 77.
7777777177 7998 646, 7. 776, 6. 854, 5.
7777717777 599, no
7777717717 58,5
mmiserit 99,7
imfflififfe 88898
7777117 17, 7. 476, 79
.7777771117578,7ο.· 557, 19.
874, 77. 899, 9
1111881118840093
immissum 748, 7. 8798
immiste 697, 4
77777117717857, 6
immittere 777, 7. 7794
immitte· 798, 77
77717717 Scenae 887, 77
77777917 779, 7. 789, 8.
828, 87 8⁶0, ¹30 88898
7777779177 777, 77 conamur 77, 7
77779117 7797 Concanum 767, 7
7777791177 578, 7. 677, 7 concedes 577, 77
7779177794, 7. 7799 7979ξὲ71555, 77. 5597

commorit 677,7 ,
commotae 7777717665, 7
7977779777 657, e
commone 212, 4. 587, 7

844,7
eommunia 874, 4. 887, 7
conmunione 774‚7
communiter 487, 7. 736,8
comoedia 544, 7. 548, 8.
697, 1. 846, 918894.

8767 ¹³
compono 775, 6. 8694
componunt 878, 6. 867, 8
comportatio 749,5
comportet 648, 79
7959997878, 11
composita 49, 4
corppositie 779, 4. 587, 77.

t

eoniiorim 877, 7
compositus 587, 77 ⁴
composui 593, 77. 6797
9777117 sono
comptu 777, 7
comptor 400. 5
compulerit 96, 4

communi 579771· 696, 5.

666, ,ς’ι 68691 ’
79797177 7695
concedi 994, 77 i
conceditur 7498
concentnm79,2 ‘
7977711755477 y
concesserat 798,6 ’
concessere 9997
concha 5797
7977176797 1 ,
77771717 7791 ’
conchylia 475, 7. 67951 ’
6797. 7767 ·
79777177 7797
concidunt 52‚1
concilietur 899, 5

79771119 749, 5. 38374
concinet 769, 7. 77195
79777777 776, 7

concinnior 876, ’,
concinno· 575, . ⁶⁰3¹ss
7977171777799,4,-
concita 798,7

concitet 7794

conclave 7996
9977171777 548, 7
conclusae 546, 8Ἠ .
797717177 5597

concordia 1117977 787, 3·

v concredere 697, 7

7977717177 998,1

ι concupiverit 4497

concurrent 574,4
concurrit 85o,4
concurritur 596, 6
7977777177 599, 1 ἱ
concussa 567, 7

concute 574, 7
concutitur 779, 7 i
condere 47, 7

conderet 794, 5

797177 97 95

condet 754, 5

condiderit 679, 8,19
797111194, 4. 7797. 4696
concire 744,8

condiscat 745, 7
7971174998 - ,

‘condic 477, 5

condit quisque 7117771, dec. 585,
8

’76711174799 557, 7. 847,

77
7971171 455, 4
conditio 779, 77. 7797
7991171977 844, 7. .
7971777177 4, 7. 769, t

. conditio 499, 4 ·

79711797 997, 6
7991177777 9777711. longi 761,

Ι7961717777 977717.8779184,1 ’

79711777 5697

 

