. 11111111

mmm 1141171,8.171,4.175,4 111661111
11441111 1515 81411111441141114 1114 1111114515. 5516.
11446111 8411 1111111916. 58144158 71517. 76415 ·
1141661114 Ιωο578116715171956 11141 5514. 456,11. 481,
14411ιηί5711 , inum 541, 5. 756, 11. 5. 5611
1144114515 796,7 1114118111. 699,5
Laconi ’1711 . 11414 546, 6. ⁸99⁵? 1114411.4.11111111111515,5
Laconica· 115, 4 lugani, 41. 11411111 luga 517, 4
11415111 175,6. 5658916 1151171111 1111ἰ56,6
1141511111 811, 4 1154111165, 9 1111141119, 1
1111511111 1814 lagenis 717,6 1111115548 ·
114151111156, 6. 7516 1159116111 q 11154111 1165

1 144151146566,1 . 1411541616 111ιὶ1564, 4. 571, 5. ⁴⁸6st
11417116111188,1 11111541816. 915 1656415555
h& 577, 5. 8411 1111117854, 11151111519871, 5
14641111164111741 1441111661 1111069041
laeti· 151, 1 lambet 89,4 1115511411, 5 3
1161411678, 1 ’11111111115111 Lannbu⁸385,8. 565,1.651,11
’11611111 714,5 1411111991. 11 , ’31318579
11411 1114. 54715 ·· 1111171174.111,5.151,7.1.1411145ο,6

= 11411111 114,1 7875 lam 564,9
144141641114114111· ’1411411114 ”smum 11816
, .814, 5 ’1111179119 111411111,1.4ο7,7. 87(
11111 6111. 857,6 1111111551 6. 8816
1064118816 , 1111115111 ¹²st3'3308w 1
ludentem 58,1ο 11111179, 5814148516 hstium& 545,1
' 1111454116. 551,4.61ς,5 11111 111, 5. 598, 5. 471, 11. 1166111514
ludimus 8518 785,ss · 11111111 1911
4146118918 11111116116.676,5 ” 1161116911
141611 1411 614116111 · 6644411 56411
11116117 111116151119 1161171, 5. 714111
,1411111611 15 1115118111 lassum 714, 5
1181114681111 ὲ111151111111448,11’ ’ 1161116115. 1511
Lairtindem 65, 5 1115116411 vina 515, 7 1111844, 5
ld: 11 ,4 111151116111117,4.555,1.456,9 111ὶ154,6. 511, 5· 315,1. 4
1418618461 › · 1116146761 · 161. u· ³78, 5· ³8m· ,
11196111. 865,9 · 1115111ιῖ4611 559, 5. 571, 7. 874,ς 1
ιιίὶη5οηι1511,9 1111511ο1147116611156,8 1111114716 ·
lim 477,5 · 111111111195441 11141117914
luw- 13119· 31747· 11111519 ’ humum

§0⁶27 τ Laomedon 151, 1114111599,1.448.11.461,4 ,

1811618614· 18311 117111116σ6145ἒ,4.674,1 11111141 71,1. 141, 5. 588, 7
1161111516 117111171111. 8611 - 6. 9116

146 444· 11141 14114449141556116.61416464 .

1 letitia159‚4 6. 414,1. 6 1ο 111114,1.1.411,5. 5114
1411111191, 1. 911115 117111111567,6 589,8
1111846917· . 1171164 7714Ι 111414,1116.589,8
1411,111·111411411111117,6 11711141 §²52⁴ 1114141716, 1
1ηο1551, 11 ⁵ 1171111411. 579,5 1114117815
latos 57ο, 5 ¹ Lapithas 195, 1 11141116419
11111111171611. 454, [1711114715 1114111111 5914 “
ιο. 7914 1171111515 . 1114156, 5. §nrm-7²4& 1
letus 15, 6. 117, 5. 188, 9. 1171111 5116 1116114111
519, 1. 55111. 585, 5. 1471117414 719, 5 1111114511. 695,
46111. 51, 7. 765, 5. 11914111116 Latinis 691, 5. 7⁴3]ss- 766,
774, 17. 775, 6. 784, 5. 1151141655, ro . ,1. 8119. 8615
865, 5 1191415556 1116101511 .
11417145. 7917 laqueo 455, 15. 6511, 7.111111111111111,51 4114 1
114161186119 798,14 . Laio 55, 7. 579,11. 811ἷ ’
1411518514 · 1151494799,14 1. 8417
11747644] 119141118118 1111118917
11ης, v. ¹⁸¹⁸ 11181 7ου, 11 11111911. 195, 5
- 11415646 , 1111116911 udum 5616

 

