INDEX

6016000069 499,.3 606, 3 1010000060 336,-6
6006 006 5 30063300001030111 600, 6 10300409, 3 4
’31660660ξῂ 306,3. 584, ”’33’3,’ 8. ’363344 4⁶²⁵²7'¹0: 3663106033. 663, 6’ -

0. 390, 4. 660,7 7164671701388061811183136· 300, 6 3
1006600 330, 00 6030 3060600334, 9. .336,4.900,9
100000 6000 66303. 900, 00010000 bre 0011 040 0 ’,0060606643 603, 6. 900900 7

3 906, 3 0000010 09,00 66 ,3 .903,3 ’306000073033’

0000000 4336 600000060090, 04. 333, 3 3060000 303, 6
invitoz96,8 600004003ογ, 00. 660, 7 ju 0060000003 3

1001003036, 0. 603, 6. 904,3 ira-⁶8, 4. 69,7. 3333. 3060006000οςᾳο
000033063333 669 00 340, 04. 640, 0 30600 304,0600,3.646,0.
000140 607 4. 7069 60000446, 00. 4663 603, 669,3 -

10100 0300 0. 6636. 667,’7 3060003333
60010εο333 10000000 330, 00 306000 363 0

0401οι 306 00 1000033μο 343,6 3060 0 333

1601010 000, 0 1006εο03669 jubet 79,2,737,7. 4433,
600110633,’00 740, 06 6006016037 66339. 750,3 78¹,
6001064 04,0 00000 3490 46606. 900,ς
6001000433μο 490,4. 390, 100060 588,- 3. 6330. 6936 3060000 366 0

6. ἃ663, 3 10000663 0 3000064030. ,454,1. .69⁸,
600066 00 3330 6000003033. 690,6 03. 9033
600030 707, 60ῑὸ0004330. 6336. 703, jucunde 363 6
60001600004033 6. 660, 3 3000060433,
600010333, 03 intus 46, 4. 306,οό 07, 30000100 300 9
1060660000 um 696,6 9. 8636, 0. 603, 8. 858, jucundo 5⁶1,8
1000010 60 4. 3339 334, 4. 36, 03. 660 ,3 jucundum 3530

00. 585,5. 714,7 0004000000 033, jucundus 558,8
60000100 430,0 6006061000 446, 3 30101ε 336, 0

inutili 3030 1000000036, 3 udan. 496, 3
100030 660, 00 meve< 6010604, 03 001000 366 7
00330, 03, 04. 463, 33. 6000000001 130, 00 01000.,030,00403 83608016 ,
4460 ...,..0 6004 ⁷¹¹. 0· 74⁶›· ³952ss
00 00000096ομ 01. 6004000604, 5' 0000001000οο0 6
3 60Βο0060, 330, 7 6001600606, 4 30060006363

· W15⁶⁴27 3n³⁰b¹k⁸⁶324 3000110000, 3.,309 00. 370,
30000033, 9. 033, 0. 76, 00 6060000666, 03 , 4. 603, 0. 603, 00. 600,
3000 0064 0966 300, 6 0000000 33600. 63000 00609, 0. 30303. 399, 3
10068485635154484181804474 s· 044
30006,049 3. 64,4 iunget 541, 0 30010000 639 3

3000600 033 3 irrupta 59, 0, 3060106333
300060 440, 10106963 3001606600 554, 11

. 300016 403 7. 606,0 100100 4034 30110660 330, 00

30046000 3334 100100 360,.0 6030 30001000 337, 00

30006043, 0. 3033. 600, 3 100110 040 3061010900, 6. 9936. 9063 0

30010103063 1001100030, ⁷2.418,n. 785, 7 3006060000 330, 33. 600, 9. 3
300.000600,6 60, 3 1001003736 6334. 9066 1

300000 00, 3 6633. 6436 100100 603, 04 . 3040 0063 030,0. 060,3. 7

11111111 ’ς’ 4119111. ⁵⁸⁵¹ 7.,³.{.³.'..⁸‘.,⁴7⁷;⁷ ⁴³⁹’¹ 1

1001000433, 6 Italum 000, 0 303000 000,’0. 334, 4. 440,
1001004639 100069, 0. 060,6.,.0436309, 7. 510,7
14963, ¹² 80πο 1860·0344.940000·544410030000.4
jovem ’0’9’, 0’0”’066,4. 444, 390, 9. ’60333 8737312. {zapp'rienrtekmihz'mk ,
8. 466,.6 4730. 3030. 00001000οη0 693 7 340,7 7
603, 00 0000060000. 334 3030 0909 30300 ·
7000 663 06333 0630. 0000060000 0363 3040103634 3
400,.3 4603 6040000033 0333 Ι,3040106636
3001040, 0. 006μο 0034. i«rat810,1 3004 ent 3330
000, 3. 0400. 030, 3. neme 471,2 jugulo, 0000. 336, 64. 360,00
036, 5. 340,3. 330, 03. 10600006630 3040000336. 06 m. “⁵¹⁹8 ¹
' ³989· 40007 406.04.400600,1808010854.4

 

