’ 11111111· .

916,8 Pe83952453,2 91141911. 66, 6. 54,1. 43,
9186111766 ’ Ρ11151111310,4 66, 4.89,1,6, 107,
7111111116, 8. 190,.6 196,Ρ111611663,4 6. 631, 5, 658, 86 781,

4.486,14.191,5.1941 9111114898. 576,6, 799,8 6. his. 403, 7. 487, 6, 7,

10 78ὀ 7' ’8”” 10850, ,ἷξ11ἶ11’611”1’6,,741,5 91141981191117614
9116117661 9111111674 1 9111181661676, 5
9161111441,3. 5729, 3. .555, 911111111196,1 91111τωί61968, 6

3 781 2. 795 9 1141636 3 9116111118.. 61159, 6
91161111 donat 11 911111 11 91111135 6, 6 911 5111111111 dextramque, 611.

1611111111, 811.5,55 6 9111156710 767, 9
91 1111111403 6 9111111489,1.573,1 911 1161111177 1
9111161161 311,3. 3339, ,9111111 6934 per 1111111916,5 6

491 ΝΜΜΜΜ Wwwwuww
911119, 3. 16, 3. 717, 7, 71111.·,11141116858 7,686

, 356, 7. 416, 5. 418, 15. 9111116614μο6 91176κὶ11111κά11646,8
4m0m3999w9wusswsswwfflQmms

864691 664·18η11 - 6ω141
796,1ο. 801, 11 9111111171, 8 911161161861 tempus 897,

Ρ1611111596, 7 9111161168 1 11
911111,4.1,1 Ρ111191117, 1. 107,5· 203, 911116166111111118,9
91161, 6. 66, 1. 176, 1. 6, 493, 5 961116116866,9

1
138, 5. 649, 3, 361, 6. 9416111674, 5 911 1111,1937 ,
318, 431, 7.11 346,16. Ρ1111111165,3. 361933 ,336, pervim 365, 7. 746, 16. 1
w399473494 1611664636 816 ,
565,16. 516, 4 565,6.1.767,9 petunda 4827

539,9· 555, 8. 548, 1ο. 91116111(16667,5 91116111671

5796. 599, 2 663,6..9641111111343 857,3 91.,16111418,.6’ 8498,16

&sm w9 1111116111.11 QW479995M2W2m97
910,15 9166.1116111119111681,10 peragenda 663,6

91111 ceno 897 8 91166166549, 15 91115116731
9166691111 6858, 16 91666716181 ,9 peragunt 101, 16
9181117651396, 5· 456, pene 166, 5 676,7. 6894. 9111616911111’149ο,16
4. 4861618795 407, 6, 517, 1. 565, 8, 9616186111384, 3
9161619161116 8841 770, 7. 853, 5, 835,6 91116186111837,4
91811674, 3...198, 11 484, 894,5 . 9111191161906, 7
7. 488 ,9. 587 ,4,,641,1. 8661891689, 14 percontabere, v 91116ηᾶ6816
712, 2 Penelopen75,8. 196,6, 689, 91116611611111816, 8
91111111 911114 6958 9 911606111156 9, 5
9111611111 6616918896 ,1)19110911578, 5 911106111911681411
9161811111195 ,5 ·· 9111116646 858, 5 permutetis 517, 5. vid} 11
9161511111 S5,45 3. 518,10 608, 91611111111991.864,1911111ηᾶ1111 ,
“ 5. 78 6, 5 · 916111111611578, 8 911161161663, 5 ’
916661111961176161615,1,6 91611111 8, 3. 86,3, 5793, 91116111 457 4
9161611191 1,81 16 . ¹ · 815,8’ perculsum 467, 3
7 9181611910 . · 9111116155,6,1.35,6,148,6 911111ηᾶ1661 816, 8

9611111111 8485 911169135916. 866,3 911166818161111186 911101116-
Ρ181111667,,8, 9111111119 7· 566,,ἱ. 859,8 bitur
pedum137,2 9111119161831, 7 9111168111,νί8191116111111
Ρ1511υ1105,7. 408,1 91611111 635 8 91116681111796,1
pc 1111181, = 9111 um 356,4 . 9111666161 558,9
7701282 ,9. 568,3. 766,4. Ρ11111111631, 5 9111111161 5ο8,4
pejora 53 6 Ρ1611116861, 9 · 9111111111 84 9
91511191611111754,91111111,78,1 91116111 687,
99117536 916611151313 91116111116167,4
91911467, 14. 51961805, 9 penus 861, 8 ·91111111“16651
5111916191, 519161μ591 7 9111911113οῶ
9199113144 . 9191111 98, 8 9111686665, 6

118 83,4919111’11135,1 5111111111 664,6

,11e7dae28,.5 , 91911,1,.11561 1537 ,9116161419 6
91118841385 ,. 91961111701,11.845,1 9118116593. 685, 7. 7557
8111618867 .· 9196118131 8, 7 91161109111111513, 5
8118418893 , . 9196111416,11 , 911,116191487,5

 

