INDEX

1161111167 ,4 1616667161. irus ,1119110411 lum
1661666168 ,1 16761616 986, 16 17111111 566, 1
16666976 lupo· 76, 5. 4 9, 6. 471,7 1566166766,14
, 1616118581 167617911166 ,4 17114951. 87, 5. 199, 6.

1666617561 , lupum 65, 16 761, 9. 956, 7. 466,6.
1616617591 1676189, 5. 918,1. 477, 7. 496,16. 816,19
1666191,1.874,6 617,14. 618, 9. 630,v 1. 1711167, 3. 46, 6. 657, 3·
1116116666 · 799,.19.858,9 964, 6. 975, 6. 466, 5.
ludentem 196, 7. 681,6 16516691611665,4 86914. 909, 3
1611111611 766,9 lurida 489, 8 , 1711111 7, 4
1661161164, 11 luridi 419, 8 151161, u. Lirim,
ludere 167, 8. 967, y· 968. 11666111 6696 ’1765196 859,6

²:6³3: 68 333⁷: 6: ³23: 881686661616618ξ6ομ

9. 965, 9 luserat 697, 15 l ll.
1116166 par 11115161 661,4 16611161 161, 6
luderet 899, 5 166111 789, 7 Mrem 916, 6
16618566 1661118764 1111611Ιί7 ,5
1666116661,7 luit 556, 9. 466, 1. 849,7 1116111166 6,9
ludicra 715, 4. 756, 7. 847, 1661169691. 575, 14 macellum 659‚3

6 166111169941,1 macerat 476,8
16611,11111111.616,6.764,14. 16616,1611.418,4 6111111158,9

949, 5 lustrum 166, 6. 566, 7 machinarum
1661111111.419,6. 687916 1616165691 machinam
16611658, 9. 695, 6. 917, 7. 16116111 664, 7 11161111 19, 6. 949, 9

548,8 1661664666 “ , 1111111766, 61. hir.
1666, nuru. 659, 6. 568, 7. 1616798, 9. 777,·1 = macrescit 746, 16
=u⁷01⁴23r3⁹1²22⁹a ,9, .. l:{:{12122⁸3z⁶¹,⁰u⁸⁶⁰’³ 1888698

664, 7. 868, 7 1616116161 545, 7 61611616847,7
16661498, 5. 697, 16. 766, lux 561, 9. 698, 16 magara 82, 6

16. 788,6 luxuria 646, 4 1116 1 561, 1
lidum 699, 1. 957, 5. 976, 6. luxuriam 658, 9. 891,16 maculant 566, 19

575,18. 789, 7. 814, 8. luxuriantia 864,9 1661616969,11

»859,14. 866, 6. 87916 1766 96, 9. 967,4. 464, 16 maculosum 984,8
1666111 Fortunat 147, 1 17111671, 4 madet 965, 8 y
1666166616116111699,1 171666545411 Μ1111166519,16. ς96,8.19. y
16661869, 1. 969, 1 1761616116 sam 79919. 794, 11 ’
16661 1116 695, 16 Lyre 691, 1. 416, 7, 8 Μω111166, 1
1611, verb. 274, 1 ¹ 17111415, 6 Moeouiua 999, 1
lugubre 464,6’ 1761τ664,6 6611116465, 6
lugubres 9⁴» 6· 159, 5 lytlan 37, 6 61691161111161118769
1156666566 1716166687 16911996. 197, 6. wm-
1696661611ιί 159, 5 Lycio 5⁸2³ss 689, 5. 468, 7. 495, 4.
1661667668 1711614699 471, 4. 565, 4. 569, l· ,
lumbus 469, 6. 558, 16. 578,6 Lyco 961, 9 596, 8, 668, 4. 669, 5, 6.
1111161496,15.766,7 · Lycuriua 165, 5 9644
lumine 372, 6. 799,4 lycum 164, 1 magis 11 16696678, 9
16111ῐηί661 678, 6 Lycurgi 691, 7 magister 679, 1. 741, 9
luna 6ο, 5. 55, 6. 168, 16. Lycur322,2 1116911111 695, 10

196, 4. 996, 6. 477,1. 1761695. 9696, 11. 551,,9 61641611666,7.765,8·
161146996’66.,8ς”9’676,5. 971, 8. 86666 '3943’ 6. 57, 1. 97, 8. 2:33399293118 ω’ ²
uilla? ⁷3¹? 163ζί fua. uillis„- ffl'l'233‘33333’5: ἷέἷί

9. 589, 7. 716,8 Lydis 4641 6. 548, 7. 669,4. 684,
1111 3442 ² ¹ leorum 56915 10· 114. 5· 141. 7
lupatis 9 5,4 lympha 166, 5. 199, 41485, magna 51611577, 4
111] 416 7· 590⁹⁶ ⁴² 659. ¹ 61113186618686966
1671611654,9.761,1 lympha 696, 16. 969, 7. 1111966 56, 8. 986, 9. 7995
1117111698. 446, 5. 456,9. 866,6 61446616556, ¹4- 727.)
4822 6 , lymphatam 146, 5 magna· 916, 9. 661, 7. 664, 5

16964965, 3 lymphis 499, 9. 568,4 1615618116895

 

