-INDEX

. ,616 586, 5. 677, 4. 678, 7 6611666161, 1444714565 ’4. 771,8
olivum 75, 6 v onerantibus 601, 1 69966116 598, 3
45616796 . 6611418177 opperior 741, 10
61618661751,11. 767, 5 Α 66116578,7 1191161115, 2· 54011· ⁸²3)
oluerunt 818, 5 661161 198, 7 6. 908,1
6111511,4. 578, 9. 619, 9. oneris 846, 5 69956857
666Μ66616066666666ψ6Μ66·
, 864, 7, 5. 867,9 4. 648, 8. 756, 4. 785, 69976666551
6166611699, 1 6. 866, 8 69916616 567,1
0176191718,16 6661814588 · oppidum 447,1ο
0176196661 1,1 onusto 516, 4 6996611446, 7
0171696167, 4 onustos 577, 16 opponite 671, 4
0176761656, 1 onustum 671, 1 699666 598, 16
66116 794, 8 6611861761,8 6996616147, 7. 741, 8. 690,
omaso 685, 16 · onyx 411, 7 11
omen 343. 5 69111796, 5 6991161616, 1
ominans 765, 7 6916161111, 5 - 6991661111671, 5
611666 198, 17 ' 6911111677 6991111111 651,6
ominibus 787, 17 691 17, 8. 7661 opprimeret 517, 14
6116617779 6911117666 opprobria 554, 16. 771,1.
wfflwmmm omwmmn msswd
66111116 684,9. 756,9 ‘ 691661691716 opprobriis 71,1. 611, 1.
6661111876, 6 opera 116. fing· 717,“1 799, 1
mfflmwfflm ommam& wwfflffiu
6111619,.7.141,1.155,4. 691111111ιί1 nimium 8959 opprobrium 198, 4. 777, 7.
164, 11. 175, 1. 197, 9. 69111 pretium est 511, 7. 416,1
714, 4. 717, 7. 777,1. 678, 6. 696, 6. 851,4 6911111577, 1ο
778, 1. 416; 1. 418, 9. 6911161616116911,11 6916165119
447,16. 474, 8. 566,16. operam 911611 517,5 . optas 541,16. 766, 1. 718,
516,1. 669,8 , operata 764, 6. 778,6 1
omne tulit 96661661 967, 1 opere 904, 2 69111497, 7, 9. 16. 6651.
ἱ 6166671166 761,1 operis 541, 5. 618, 11. 875, 776, 8. 790. ²» ⁶³⁸
omnem 477, 7. 768, 11. 11. 884,·1 optatam 969, 8,
881,7 operosa 769, 4 . 691161 798, 1
616611116εά6 666981. 747,7 69116811 766,’1 optatum 418, 6
66611741. 54, 5. 169, 1. 6961666111 1448 optet 74o.1
178, 1. 161, 1. 171, 7. 6961117561 6911111516, 1. 671, 8. 8767
187, 7. 411, 1. 478, 6., 691116 641,6 6911611,61111..787, 1. 614,
44817. 467, 4. 511,14. 6911161181, 5. 51516 8. 796,1
5²²2 5· 53⁶» ²· 547. 11. opertum 799, 14 691161661614, 7
14. 566, 4. 577,16. 576, 69116161616161879,9 “ · 69616111 576, 11. 542. 3·
3· 53815· ⁶4³2 3· 55⁶³ 5· 0885856 565. 4· ⁶9422· 7432 581 5· 5581 4· 575. ¹5·
89511 1. 8471. 969, 1 611, 4.
6611111595. 476,4. 541, 7. 691166168615161616116716,7 optivo 863.3
576,16. 58717. 9164 696616111666675,6 · op10855‚⁶
⁰⁰³2} PMff 5258 > 69611971. 711, 7. 754, 4. -opulenta 77,,4
6616111 91111 butum nihil 16 781, 16. 716, 5. 747, 11. opulenter 796, 1
2¹7›7 874, 9. 811,9. 817, 11. 6911116661771,5
⁰ffl⁰3³ ¹3³ 3· 75. 3· 378, 864,8.887, 15. 9661 07661561674
4· 5¹3. 1· 513. ¹· 523, 0766111154, 9. 86511 691619, 4. 148, 7. 4996·

6664666666866ω1“ §mewffifflff

83618, 4. 719, 11. 771,4 69611747, 16. 541, 6 661, 1. 716. 7· 7441 ¹²*
66161661 166, 1. 156, 4. opima 466,11 7569· 733116· 31818·
383.13. 576,1. 581,,1.69161676,6 854· 7861. 5· 3771 ¹3
717, 5. 866, 11 6961161187 · ’ 6911111665, 7. 511. 65821
6111661116...11761,11 6916111711,9. 746, 11 5. 661,1,3· 61414· 7⁰²¹
6667666141. 711,7 0966161651,7 ” ’ 9 ’
omnm 11, 8. 187, 4. 111, opimum 847‚7 - 6911161 516,11
14187, 7. 766, 7. 771, 1. opimus 781,1 ; 69651111 746, 7. 81611
3²³2› 9· 434, 2· 541. 5· 0561101575, 9. 581, 1. 861, 611 75. 5-4481 3· ⁴43⁹ 3
5451. 646, 5. 766, 5. ,185777 ’457, 7. 559,1. 6131 ¹²·
JQJ ⁰wmssmm9 umsswvw*
11111...161.616161715. 5 opunte 571, 6. 698, 7. 746, on, orae, 157, 8. 30414

 

1
1
1
1
.

