' 80110111 510,8 .

,11101111

subductum 19, 1
80111711 818, 9

11111117, 5 ’
sunit 519, 1, 7491

39²2 9

· sudori· 8484

10011500, 1. 745, 9. 810, subest 5861. 755, 7. 788, 1111145887

4. 84ι,1. 9098 . ιι
mia 811, 9 subeunt 158, 7
3111111558, 3. 7504. 779, 01701111, 14 894, tt

5. 766, ιι. 814, q· 859, (0151611171οω

1. 861, 10. 865, 6. 887, 1087111101 697, 11

¹4 1011116101 55, 9
studio 511, 5. 611, 7. 648, subimus 559,1

11. 784, 4. 840, 7. 851, 5 1011011691, 5. 769, 6
10801006091. 615, 11 1011111416,1.54ι,4
studiosa 547, 9. 689, 15. 1081111761,11

74311 subit 595. 4. 806, ιο

68191110

101115081014. 865, 5

sui 5,4. 58, ιι. 78, 5. 158,

1.1ἶ”11ξ,56’.“’1’1ς,,. ,147
419. 1· 469. 9111. t·
689, 1. 814, 7

Sulcis 550, 10

10011405

Sulcius 550,Ι 5

101101766, 10

studium 300, 5.Χ 411, 5. subito 671, 5. 701,4. 704, 1011011791,

111. 12· 909,5 s· 191. ¹0

’ 11107111. 81011· 8961 subtusus

10111 519, 8. 641, 1
⁴ 6111101707, 1

sublatam 556, 6

e 106111164014. 714,5
801111 5574 1081005011 nocendi 898, 2
flultiffimus 566, ιο sublatus 686, 5
stultitia 19, 10. 641, 11. 657, subtegit 714, 7

5. 651, 6. 668, ι. 718,1 sublime 144,6
80111110 645. 10. ·661,9 1011110111 1111019156
{iustitiam 411, 5. 811, 9. 1011111017, 5. 66, 1. 5495

8⁶⁶, 13 snblimsl 78857
stultorum 756, 5. 798, ι 1011110111 845, 7. 88915
601101 65810 8111ῑο1111547, 71
stultum 6685 submittere 716, 5
8111111551, ιι. 545, 7. 571, 1081151111 701,’15

4. 651, 4, 5. 69818. 758, subruit 510, 6. 847,6

1. 761, 10. 787, 9 101101111611,6
stupens 101, 4 subscribi 336, 2
’ 1171014574 subsequitur 78,5
stupet 340, 8. 547, 6. 571, 6. 1001111111 485, 5 ·
substringe 690, 11
101100510,4 “
1081101100 474, 5
1011111717, 5. 855,5
subtilis judex-7n‚7
subucula 755,6 .
subvertet 774, 16

‘uui‘ 111. 5
stylum 8Πιθρ 3
87101617, 1
8171 118, 5
1111 164, 9. 405, 8. 456, 7. 101015101766,1

suburbano 671, 5
801011101448, 14
10001101755,4 2
succederet 806, 6
1111111111 897, 5
[01116741
succinctum 588, 9
succinum 701,10
succinit 807,7 ’
1010117184
10110679,5
1011011596
1011007164
succurrite 915, 8
1000154910. 551,ι4
sudando 614, 1
sudavisse 785, 10

1061111909, 9
10011894, 1

47116 ·
Suadela 755, 7

u 5111111481, 9
0101111511, 9

suade· 51516

1118017504

(11514, ιι

1111148119· 1191

tuas 19411

suaserit 740, 15

10111551, 1-

, 1411106184. 711,1
1011104403
1010016094
10111111591,4. 768,4
1016015806. 71ι,7
1011111151, 5. 167,1
1011110111807, 15
8111108111 510,ι

80111, 0111187811

8017111111 411,4

sum 16911. 11811901
61919· 615. τ’ 19911·

857, 2
sumu 807, 5

sume 187, ι. 3⁶¹³?- 651, 8.
6691· ⁶⁶3» 2· 77227

6001111911, 11

sumere 105, 5.’ 550, 15. 5η
. 77,11

surget? 11111815, 15

sumeret 770, 14

11091901

sumet 811,“5.- 865, n

10011711, 11

sumi} 141. 1» 1101

1101087916 ·

1000011671111. 11, 5. 547.
10. 87511

1010011,105’18. 9, 5. 5858.
6156. 658, 6. 714,1

1010011010 570, 7

summ, 11 0¹· 619111

110190 6. 0 64111,
0 1

(00910118588

1010011557,1ο

Δ 101111111174918· 3332 8

summisere 581, ι

summittit 676, 5

ummo 119. 9· 99118

[0100011897

summosses 596,5

summotus 468, 16

summovere 117, 5

100110οΜ19144. ”Sis

1119111019 566, 1. 70154.
51. ,

100110118100719,4

summus 07155

sumpta 588, 8. 876, 15

sumptis 894, 5

1001910175]

1179111011· 6809
31

61070815554

8910165, 8. ⁴⁶⁶³& 470, 7, 11051195 575, 7.’ 8549 ,

1

 

