8011111101114811111111.

111611557. 56810. 455, 11111650, 7. 7657. 876, 11111111 408,1·

11. 7755 81054 8. 8551 terrete7o7,3
1111161767, 4 11·1ἱ6“1514,8111700,’6 -
1111111715, 7, 865515 ,1111111565 11111145515554155.
tene 168 1916 88881868· 1814 5861 1118· 8418
1111117551 1171111771,11 1411168,1.15,1.15,5. 155,
11111166511 , 1716111158 1. 155, 5. 570, 1. 5551. ⁸
111111188οᾸ 501,7 tepefecit 651, 11 , 557, 6. 550, 7. 815, 7.
1111618755 1171115458 8451 86517 ·
tenebat 701, 13 tepidas 171, 7 111101111165,1
tenebit 32, 1 1171110 6554 tenores 871, 5
111161158,6.551,14.801,1 117161 m 537, 8 ’ 1111011611850, 11
111111157511. 5555 1151818151 -. 11111118,.4 5,1. 5456 ·
11111151, 1. 1557 1115 55 1. 111, 5. 186,1. 1111117554
11111115057. 5855 1ο5,6.111,.7 156,6,7. 1111804184
111111117556 157,.1 518,4. 511,5.11161111571,8
11111565 10 518, 6. 564, 11. 441,1. 1116111467, 6
1111016010761, 8 446, 11. 458, 6. 6056. 1165117886 1 .
teneor, vnde tentor 727,9 , 1181851. 5051. 5155.
, te¹¹⁸¹3¹723· 87814 te'8¹¹‘908 ¹7 7¹92!
tenera 741,5 111115111111158 11811111111111111111111· ,
11111151. 85, 4. 558,1. 11,1151111115117ο5 7 741,5
54510 111111111645,11 11616754
teneram 671, 8 Τ11111ἰ 5154
tenerem 671,6 Terentius 34, 5 116111110650,1
teneret 7551 1111111 858, 8 testamentum 687, 5
1111117554 811, 11 111111151111111111710,4 1181111555
111111156510. 8556 ’11111116,5166,11161111085.
1111110178 1. 410,5 111161465, 14 , 11617556
tenero 11,1540 11. 55416 1115116114, 5 1118111651. .575,9. 5858.
1111111111, 7. .,515 5. 8458 tergere 614 4 50,
1111,1545 1 “ 11141146 11. 165,5. 6657 111618111476, 3
Ι11151115,.51 164,6.551,10.11150711601711,11 11616ῐ1615756.507,7 -

5551. 407, 7. 469,¹9. 11614458 ,1161601155 154,5

501,.5 5755. 6451. 1111111415, 5 , 11111156, 5 .

811, 5. 514, 11 111111148 5, 1 “ 1111111111 5455
1161110 707 3 1111111111611456, 4 11114111 1761

1161111111 684, 7. 76671. , '

11111485, 6. 48511 11111111117,8 11115161510,5. 8855515,- ’

1111160160,10 , 11116111857 4

11111111111180511 111111111155, 5. 458,10 1111581555 551,.1. 5481
111111111754,8 11111111161680,5 11115155 54511
1116115547. 85515 111111511, 5 Τ1111111111551,5

1111111451 1111151,1.155,.1 165, 5. ’8111111551 65,6. 4055 ·

«1111811055 5557. 4551. 454,6. Τ1111151,8,61“1.587,8
111111 147, 6. 181, 8. 806, 5 7 561, 6 Teucrum 656, 6
1111115051 11111, abbae. 415, 5. 464,1. 1111111554
11111111165,5 4 5055 555. 777,6. 1111118055
111111111511, 10 1 87511 , 1111814510
1111161755. 8456. 8515 territumque 758 1 1111111 10,1
11111118158 , 111111 11, 5. 106,1. 106, 5. 16111110 64 5
111111111651,5 1454. 751. ς Τ1111ἰ1585,1
88:82², 8888686868 ¹³ .1, 8¹:828 „mm

ὓ

11111611115677.6 4. 457,.7 50858. Ξ88, 11111111 1449591 111,7. 615,
1111111556 · 11. 5,10 15 1. 811,4 “
11111111651, 8 1111111111611111111 508, 8 1611 11184. 1. 8551. 865, 5
1111111118, 6 1111111114,1.151,5.171, Thebae382, 1

1111111411 5 , 5. 741,1 8556 ’8616111751 5056
1111111151. 61,7. 7855 111 as 186 50, 11 116 ,.4 ’8111611017455
1 11111,1.111. 115, 5. 115, 5. 5058. 444, 1. 6551. 1Τ11161111801,5
1551 6757. 67’,, 4. 8,18 ς 8811811151.
’ 701, 1·. 651, 11 11111100, 5. 617,11 ’8111611655 1. 85511. 881,
j 11111 118151 1111117151. 75145 · 4 ”.“

Ι

 

