INDEX

, ,mmm pofitu¹285,3 potabisssm ·
mim, 70644444, 6. 547, 9. 580, 5. 70440044954
7,,,794,ῃ575,4 645, 4. 776, 6. 850, 9. potandum 706,6
μήπω, 860, 9. 886, 5. 904, 5. potantia 773, 44
pavignana 544,8 7004465540. 654,4. 745,
7044454444 650. 4 possem 534, 2· 606,5. 854, 44, 4. 749,, 40
7477776657 7066404464,4.445,5.806,45 7044894,4 -
porro 539, 4· 444. 4· 736. 4· 44644 446. 4· 444. 10 464444 4 5. 4· 44. 4· 4404

404, 1 , 44646444404 456. 44· 464. 4· 444. 4·
porrum 782‚s 44644 44349· 44444· 44646· 444· 4· 644. 4· 644· 4
6446404448οη 550, 4. 506, 4. 690, 4. potentatum 548,4
9⁰¹1³34329 ' 744, 8. 756, 4. 840, 4. 7000444876,4

‚ portanda 587.4 8658· ¹0 . 70440444 455, 4. 50’4,ς
70444444445786 7046444766οη · potentin„ 7. 444,4
portare 400, 5. 480, 4. 567, 7064440444 505,9 ” 744404404564,’4

. . 5. 576, 5. 577, 45 7046404 5547. 745,6 , 70444404040454,4
70444444 540. 6 7066404607 74440444845, 4. 845, 44
704444469, 40. 510, 6. 550, 70884497, 5· 549, 5. 52625· potentium 597,6 “

1 527, 5. 654, 4. 646, 4. 70440405404. 898,7
7044446685 4 . 650,44. 709, 4. 746,44. potem 644, 44. 904, 40
portatur 849, 4 747, 7. 798, 6. 804, 5. poterat 749, 44. 905,6
70444044 870, 40 < = 7014444544. 560, 4. 547,4. 7044444904,44.
portentum 90, 4 5576· 546, 5· 58², 5· 59³2 7044444 405, 4. 6444. 632,ss
,0044604 . ,7. 59⁶. 10· 444. 44· 444. 66046· 4444
pona 4044. 404, ιο 3· 752, ²1 780, 3· 940. 7 potero 62253
,004644 730, 10 446444 444. 4. ¹0· 444· 4· 444444444464. 4· nm 464.
704ιί404444, 6. 555, 5. 644, 574, 44, 588, 6. 6ι,4,6, 6. 859,44. 9404

44· 4446 444· 4 664. 4· 446. 4· 4444444444· 44444· 44044·

“ 7444446408· ‘ 7⁶3ss· 4944· 84444 · 444. 4. 404. 4· 664. 4·
ponam 44644444064 > 6404· 644. 4· 4406
70440406ομ 7ο660444754,5.785,44.848,·4 748,4
7044004484. 7554 post tdestposten 452, 7. 559, 7040047406 f
70644 658, 4 5. 554,4. 878, 44. Samo potest ¹1¹›4· 464445054. 4
706404 44, 7. 904, 40 ι 7084444744, 5 540, 9. 554, 40. 754, 40.
70644444 497, 6. 807, 5 postem 560,4.564,5. 5687 5, 756, 8
‘poscentem 557,4 854,6 704444447;8, 7. 855, 40
poscentes 860, 5 posteri 450, 4. 464,4 potestatem 570, 8 A
„poscenti 720, 45. 903,ss {asterius 549, 40 ⁵ 74444 649, 44 ’
7000644995 7044440484 , 7445088 ·

706444 759,4 704444 469, 4. 5 50, 4 70444.οι 464, 5

776444 784, 5. 8674 posthac 408, 7. 508, 4. 654, 7ο440444604450,9 .
70644 8575. 8858 . 7. 667,·5 . 704404489,4.484,5. 506.6. ’
706440047444 8066074404, 4. bit. ·. 754,5. 758,9. 8047

poscis 95, 7. 804, 44 · 76846444475. 444, 5 . potiore 409, 4. 568, 5. 588, ’
poscit 448, 4. 740, 8. 746, 7044440754,7 40. 774, 7. 774, 1²1⁴

11. 720, 8. 844, 6. 909, postmodo 444, 7. 695, 5 - potiorem 774, 40 7..
pos⁷<0822‚10·840‚7 8868882888 “ 84488 1⁴}‚8' 93' ,648349 ,444
poscunt 847,44 postqu2m164‚3.48!,8. 449, 554, 4. 544, 7. ⁶²4· 4-

, 70644547,8 44. 584, 8. 585, 4. 84ο,, 665, 6. 754. 5. 86044
706444 494, 4. 848, 44 5. 655, 5. 664,7. 705,4. 704404 quam 775, 4.,785,4
70666595 749, 5. 77440. 894,6 ῑ potuum ·

7064444 548, 5. 649, 40. 848, postremo 656,9 ’ putorem 678,4
7084409644 60144044 4044049540, ffiffixugiffffssb 1 Ἰ mg: 841434) 317, 4 .

6 3 7080144685, 44 , . 704044604848,5
7064406445 posuere 643,4 · , potuere 497,4,5
70640 447444 749, 6 posui 840, 9 70444664 466, x
7064404*οω in medio 780,7 posuisse 447, 6. 474, 6. 545, 704044 506, 4
706404 456, 40 40 . potum 874, 5
70444004 474, 5. 547. 6. 558, 7064444644 554, 8 7040470007. 558, 5. 554,4.

7. 647, 5. 7856 706044 498, 4. 587,7 664, 5. 848, 7. 894,7
70440404464,4 70444495 1 7444776,4

 

