8004111101051 0111111111.

460,.6 2.78,4 317,3.1501111360,.7 774,10 ’1181188812
· 383, 411,2. 433,1,.1511,10116171 - 5 151515318,8 .

464558 473,.2 6773. 1501111010,4 ’ 1515551111111813,3

5, 10. 714, 10 748,4.1505111521221,4 1515555 37, 1. 466,7. 887,
79313· 31315 *866603616123313 ’ ¹4
7562 1213056502, id est, 11111112 viperinus 438, 3 viriliter 806, 7

5257 1571612338. 443,3. 4831515163, 7. 602,1. 806, ”

75121111162717,3 8 4. ’8136
..7411127144 111228 3. 240, 4. 233, 1515111838, 8 -
1511101323, 11 4. 31ομ6 328,10 323, vico 93, 6 240,4. 4234,
1112116702 45338.’80712.238,.8 81410
151111147812 111 bonus 720 7. 761, 12. 111010111401.223,3. 241,

..11111514 5115146· 155 1 61115 811165447161545 “

15101 2, 3,0
7.,’,4412128735 1119611011271118211174831511154138,1.51’76,.”1 247,
151111158114513,1 311,14 1, 3. 270, 6. 321,2. 333,
1511111463, 8,. 700,13.,834 1511114726 6. 373,2. 337, 6. 402,
3 151,111151673 3. 463, 6. 4803. 484,
1511111340. 11 *8111108383 , ’ 3 301,10.’,.3348 383,
151115381,12. 33810 151111154ομ1 33,1 3. 3363 600, 6. 613,
15115113,634 15111151413.,4 882,3 ’ 7 621, 3. 648,.1 683,
15116638 10. 6336 1511126411. 32776. 358, 3. 6833. 711,.,3 7377
511151161545411165. 64115· 45611· 115. 5115411· 61611· 615.
8 8. 811, 2 834713 8, 9. .,852 6. 876, 4. 301,
1511121483, 13 11111 5111111813 13 2
7516514061. 831111 15,13244,3 36,2 11110116111111115113011728,
’ 3511158404 112111 333 410,7. 1
1516511111 4ο, 8 ·1311106061877,3 151121 11711552 1126152, 811,
1516811706, 3 742,3. 823, 57113111101164 ,2471
5 851355501361,4. 363,1.1111117081111111101723,4

’1411111510 55116· 51511· 6145· 854.111111151.15 415111·

643,.3 710,2 1 478, 1. 321, 2. 633,
1511111337, 2 1513511164,2.360,6 7..648,4 631711.

5111601111 3776 416,2 111311112634 781, 3. 847,.3 870,
151611155111384,3 1135111811, 7. 22, 8. 83,4 .,838 7. 31412
1511611403,1,4.8..1310 307,3,436,11111111111133.6 3. 733,3
1516511883,9 2 734,11. 81612. 82οὲ
vindicem 386,4 75135115611136,7. 233, 3. 2. 83²›12⁸·
1111617147 564.1ο f 11111111 41513· §351¹-
1511548410. 676,3 15135151303, 3 · 841,1“
75422242, 5 15135,11111127 10. 113,1.1111116133
1511111766, 10. 831,7, 23611. 303,1. 348,νῐ111115612723,1.811,7.
711226 231,1. 312, 6. 330,1 826,4

638,.2 818,6 151351708, 3 1511161337, 3. 376, 10. 72⁶,
1111111531310 11111051.4 2484 . 277, 7 811,,
81111 784 2 6. 297, 9· 32844. 714, 15110155201111733, 13

7100 33 ,3. 102,3. 233, 8 1511111.,,.31 24810. 249,

- 14143 65.·61 111.1111811555.6· 4115· 41115555· 5551·

8.718,3. 811, 8. 843, 478, 2 3.,.,33788832

3. 831,7. 30310 1515,75.ν’.,.333 711,6 15111844, 8
7540517838 11118111 4734 340, 6. 605, 151, nomen, 200, 4. 220, 2.
1511011,5472710. 818,6 3.73,8 3.4 813,.8 870, 264,3. 3333. 403,6

21101162376678,3.788, 4 37611 411.5-451.1’4541·4
77 1515151172, 4. 32, 6. 331,6. 457, ¹· 543. 9

1511158132 2,4 323,.4 7183 151,0116.413,1. 46316, ι

1105112333 1515653, 8. 21,4.17.2,3 430,1.6324,,6.341’1,3

1501111630.13 ’1 341,3. 338,4 532,4.6 0,,73.
15012151211,ι“ 11111515 87 1 706,13.. ,57345 39. 76141.

1501128326 ’ 5118639013 ⁸2⁶7⁶¹⁶ 35614 3⁶¹³! '

,5773777773 1518121271, 3 151 tu? 701 , 3 ,

 

