INDEX·

9111511811, 19 9111161618, 5 16
P²¹¹809¹02¹ 1111111111151141511· Pffibmffl 46818· 455171 g
punit5zo,4. 511, 4. 567, 4. 465, 5. 478,4 « 815, 15

615, 5. 719,16 9111111951. 195,1.999,7 Partho· 55, 7. 145, 5
9111119155, 5. 895,4 911111911619191119711, 5 Ρ11111911181, 1. 584, 11
9111191 491,7 91119189111555,8 Parthus 199,1
9119119896, 1 911191891111648,1 partibvs 154, 4. 597, 8. 6451
91111111 874,6 ’ 9111111151,6. 579,6.659,1ο particulam 69, 4. 111, h
Ρ66666Ὲ16861, 566 6116311εέ 6196ζ1125675ᾗ. 815, 9116166568781116911
9111111111 849, p 7 9111111119, 15
Panthoiden 198, 5 91111111165,1.“116, 5. 451, 9116111814. 3
1911111111, 9 91577, 5, 9 parto 515, 9
mgetqffl , 911119611179, 5. 581, 1 91111611 4445 ⁶2
....“.;;1.,’.. ι 111,111·,1,’,11” 111411· ³²⁹
911585, 19. 669, 7. 719, 14. [mentium 555, 5 91119191111491, 6

751,1 9111111111 11, 5. 155, 6. 9111111151, 4. 584188
911 est 795, 11 189,9 91111619191911111884,5
911 impar 661, 4 91119111 999, 1 911111165, 6. 497,7
911 nobile 11111911 669, 9 911111 857, 9 91111 197, 1. 118, 5. 515,
9111611159, 7· 557,7 ’9911115649 ' 5. 419, 7· 541, 6. 879,1 ¹

“ 9111611111518,9 puro, '⁸⁸'54115 911111576, 15

911169 459, 15. 811,,11 9111189111,1151’1,11.,657, ’911νί 474, 1. 518, 1. 744, =
9111186919 8.61’1664,4.816,11 11 ι
9111111751 · 91918999799,19.741,1 91161157, 6. 517, 1. 761, 7
1111118 6191 · 1161191 1164111816. 1811· 3
91111115,1’.659,7.744,6“ 4116155811. 647,1 7. 868,5 1
91116111 ς16,9 naribos 1911111111 887,7 9111111 56, 5. 117, ι. 1117,
91116ῐὶ1846,8 Ρ11ἱάῑ1154, 1. 756,1 6. 565, 7. 418, 1. 456,
91111811 555,8 91119146.541,4.659,1. 1. 697, 9. 865154995.
9111816491. 866,.7 815, 11 11. 91141
9111164,1.755,7 Ρ11ἰο8ο,4 91119115, 8. 554, 6. 519,
9111145419 Pario· 819, 11 9. 611, 5. 654,19. 191,
911161198847, 19 Ρ1111756,5 8. 77414. 896, 9. 815 ,
9111ιὶ1 111, 1. 655,1 911ῐ111155, 9. 771, 1.,’ 815, 5. 856, 5
9111111111 648, 4. 761, 11 5. 858, 4. 915,5 9111911111 841,11 6
9111111416, 1. 499,9 Ρ1111111161746, 5 9111ὸό511. 711, 11
91111119 414, 4 91119111 175, 5 , 9117111171, 4· 331,ss ,
9915951115, 85 689, 11 91191111 561. 1. 717, 1 9111111 51815. 795, 5. 811,

· 81911191614194· 1188 66636466196 ’ 1161114116· 1191· 8⁴52
9111111175, 6. 669, 15 911111115551 5. 854. 11
91111119,1.17’8,5. 159, 9111111, 4. 569, 5. 5711, 9111911911118111111 76519

6, 7. 188, 8. 561, 1. 1ο. 581, 1. 484, 5. 500, 91111111 nil sapin 781,7 ¹
4⁸⁸»1 ¹· 1151 6111· 1191 ,1115145114 1· 115·
91191555. 7. 877, 1 9111 hommum 795, 6. 751,”6 1. 654, 11. 891,4

parcent 199. 5,7 911111111ῑ1111646, 7. 8751 91611795. 1,196,1. 8996
putentes 511, 19 9111 1111111794, 1 paneadi 578, 1
parcenti· 691,5 69119111 511,4 9111111 54911. 1414197. =
ΡΜ 5181 2· 554» ¹5» 789» 1118158. 11.” 65, 11. 119, 1. 6 “

¹ ⁸ Μι718· 25311825617· P²s⁸257992¹ss 32516
941111547, 15. 761, 1 511, 8. 558, 7. 594, 7 9111118195
91111 185, 9 91111 16 omni nihi! 6111111116 91ίεὶ 897, 9
Pati· 111,1 . 117,8 9111118691 ’
911911155195 9111119 5, 7. 195, 4, 220, 1. 9111111551, 2. 74ς,7
5111911646, 11. 619,1 454, 4. 630, 5. 727, 7. 9161116994

9111111 565,4’ 756, 5 9111111418, 14
91169197, 1. 555, 5. 656, 91111111, 9.,511,19. 819, 9111111511,11. 577,1

, 4· 76314 5. 846, 6. 888, 19. 899, 91111191 119,1
11111191 2· 9099 98181161

,911111117,1.619,19.645, Ρ111111199,1. 614,11 9161591 .

9· mo 9· 36918 1111111111, 5. 849, 6. 854, 9111111454. 84911,

 

