1NDEX
4601114063 (1111601964. 68610 1191111485, 5. 767, 2
caloribus 33611 (1111111390, 7. 46198 (1911111765
caluisse 7161 , canere 861, 8 1191146613
calvum 602‚4 canerent 897, 1 (19(6(111704,’1
(1111168463 (1111111631 - , cupiet 510, 3. 657, 2· 904st
(3111111531. 714,1 tanes, 111111, 448, 14. 589, (19667865
0111111118, 6. 15611. 7. 8153 ’(1911Ιί153,4.114,1.101,6.
181. 1. 1191 ⁶0⁶· ¹· ‘2⁰5t85629 11111· (11.1· (46.1
, 08134, 81,5. 8968 (1111611488, 7. 701, 8887, (1911105736. 588, 10. 875,
amem· (1.1. 10 · 1
(1111(111115664,6 (1111ἰ11111111811685ζ9 (19115101 175, 3. 1969. 477,
61161117363 0101111673, 5. 3069 9. 753, 5. 7664. 875,
⁴ Ε1111ἱ1111154,1 01661438, 5. 445,5. 448, 11
camino 5669. 669,8 4. 488, 1. 617,10. 711, (1916115061. 48619 - 1
(1111117763 4Ι (1918547,7.699,6.707,.5 1
Cumana, v. Camena (21111661 591, 4 (1961161583, 41 ’
Campana supellex 579, 5 01116ἱ1111588,1ο (1981641, 7. 650, 8. ⁶9²»
0111911161111651,5 Canis 91176611, 773,1 9. 719,6
Campaniam„ Can'n prcp. 11111, 453, 1. (1986110, 3. 606, 5. 615,
Campano 5⁶2,1 6164 9..Ι 797, 51. ⁸73v¹
· 011911111564,7 (1110111111611117811. 344,1. (119111,1.1, 111111ε518,6
campestre 7761 446, 1. 470, 5. 519, 5. (1966941. 413, 10. 641, 9
campestres 334,1 6561. 689, 16. 738, 5. cupitis 1111101171, 4
¹ (1109(6111813, 11 (1161616164 0191105569
(1119(66611905. 9 canistris 701, 18 0191101111 551, 8
(11119ῐ910311166ε743,1 (11111367, 5. 605,6 019ἰ101ἰ1111551,10
(11191,7111’1.365,11. 887, (1111111961 . 01960801365.. 373,5
10 0 (1116(1110106140,1 - 0196011101154, 3. 3396.
campi· 90, 5. 14610187, (1110111901, 4 3665
4. 188. 6. 195, 5. 313, 0110111567 Ο191101(561,1.
6. 391, 5. 4561 (1001118664 (191111161511. 731, 5
(10190 517, 7. 513, 6. 643, (1110111136, 8 Cappadocum 755, 8
11697, 13. 764, 14. (1101(1911101191,9 . (19117565
7764 Cantaba 191, 1. 288, 4. (191111111111111111,1
(1111901167,6. 1369 4168, 783,4 (191(1377,1
’ (1119111551. 1466 (111161111351,5 (191(11115,8,308,4.471,16
(11191150, 6. 461. 1511 (111161111617,8 (1911116765
” (116111110169111111911685, (1111608863 (3196550110 =
’11 = 0111161Ῑ11815,η (3196(0111111111,1
(111111 41, 1. 37611. 671, 9 Cantabrum 170, 1 (1966014457
(1111 638, 3 cantamus 17, 11 (1961118164
(1116101411, 1 · 1111111151, 1. 5361. 604, (1911916111 1363
(116111179610 4. 819,1 Caprius 5566
candentes 11,1 (11111558, 3. 909,10 (1911111861
candentibus 559, 3 cantemus 186, 7 , capsa 8 5 5,8
(1160111761, 16 “ cantharis 83,,1 (1961 546, 11. 6;9,1
1116611861. 46613 (11611117569 (1911157,1.655,4.718,1.
candidam 34e‚9 (1111089, 6. 139, 3. 5968 14416 ·
candide 77,3. 475, 5. 611, (1111015461. 887, 3. 9ο9,3 (19168851.
8. 7461 (111011111550,1 (19111711, 11 1
(11166181, z cantoris 517, 1 (1711114361. 511, 11. 517,
³ candidioreu561‚5 (1111184,6.413,3.474,8 7,8. 51,9
candidis 3'07, 10 (1111111911Ιὶ 506, 9 (19111016 7, 9
candido 364, ,11 (1111199, 3. 1961. 141, 6. (19111684, 6
candidos 58,4 498, 5 (19111895, 3
(1161611138, 1. 4386 (11.1111309,1 (19613864
(116ὶ6111113111101468,5 01116 567, 6. ⁶552 (19111116,5. 849,1
“ (1061611759, 3. 8564 811161160610 (19(ῐ1ε165,5
(1114369 (19111611 178,5 (1961111801, 5. 84911
(111(9(5’11(11191(805,9 (191(ῑο111464,7 captivus 384
canebat 113, 5 (1911 141, 1 (1910 866, 6
(1111111583,16. 8168 (19611. 1191 1191018061
(1010014163 ¹ (19(1·1514,8 (1911111 365, 1ο

 

