,Χ 1

8666666666 06466666.

’6111616576 undis 547, 66. 586,4, 466, 6666114898 , ·
“ ultimos134,1 65.“486,7 6666166654186445. 8787
6111666674, 6. 467,9 , undenos 498,4. 866,9 6
661666654- 866,6 undeoctoginta 649, 66 vocalem 56,5 Ι
ultorem 66,8 undis 46, 4. 110, 6. 566, 5. vocamus 556,6
616689, 6. 668, 5 699, 66. 566, 5. 766, 6. 757, 8. vocando ⁶51.1

667, 5. 667, . 668, 7. 896,7 6666661664,6’.684,7
· 61 a: 8, 6 86 646199 66617974,
7866911513 5555 8555 ’ ’656 1³2 ³· 467. 9· 686
fflfflffiffiti'fest 755, 9. 6656666 5599. 754, 6. 898, vocas 655, 6. 788,8
766,8 66 66665678, 8. 557, 7. 585,
ultre> 586, 6. 546,,66. 567, 66566616666, 6. 679, 6 65. 589, 5. 71‘0, 9. 788,
4. 585, 8. 667, 6. 665, 66566666666659,6 , 7. 858, 66. 866, 66. 867,
S· 684618· 689, 8· 6806 ιι138ὓθῦῐῑῑῐῃ3ὒ569· 90565 Π
Ι 7. 766, 64. 786, 6. 856, ungues 610, 6. 764, 6. 875, 66616558, 6. 444, 5. 4567
61661686ζῖ , ungi {31⁹} 34. 678, 6. 866, ..616665ἷῆ
vmwms 9 mmmm

’ 61616676,4 unguibus 67. 66. 656, 8.· 6666166669, 5. bis. 705·ss

ululantem 588,66 ⁴ 456, 1. 559, 4. 588, ’.66666664699 5
11171111 66, 6. 486, 8. 489, 65 voce ,5. 45, 5. 658, 6. δ
6.758,8.765,6 66 616486,6. 564, 66 4ο,9. 44, ι. 454, 7.· 6
’11171166 655, ιο. 656, 6. 66 6666584. 6584669. 571, r· 584, 6. 598, 96
nm 516666 660. 6· 876. 60416· ⁶⁶227'
11171166 696, 6 , vote patema 964,8
Umber 676,6 6661616665 , 66666994 ’
umbilicum 475, 8 unitis 666, 6 vocem 161111886, 4ζ
umbra 56, 6. 74, 6. 666, 6. unico 564, 5 votes, 66666 685, 9. 566, 8.
596, 66. 5 6, 6. 764, 5. unius 465, 5. 57ι,6 559, 6. 596, 6’. 767, 6.
796, 66. Ιι,6 666 ,7. 681, 5. 696, 4. 757, 9. 866, 6. 84986 ·
umbra 666, 6. 596,5 47 ,·7. 565, 6. 564, ι. 896, 64. 966, 66·
6686666666, 5. 868, n 647, 8. 689, 64. 754, 4. ¹vocet reddere 887, 6
umbra 686, 5. 555, 1· 557, 869, 4. 856, 4. 846, 6. 76666661.66,ι·
7 866, 67 vocet ι-ι, 5. 665, 5. 684.-
umbmbcoeunm 6696616686,6. nmmo, 66
1166166661 657,ι , 5,446, 6. 456, 66. 565, soti 551, 6·
6616167594 66. 565, 6. 556, 5. 565. vocibus r58, 3.,.388‚92 456,
umbrosam24¹‚9 4. 577, 65. 596, “5. 666, 66. 488, ι. 494,9
661661..66,6. ‚r 5. 787, 66. 866, 6. 866, vocis 576, 10
1166111166,6ιᾰε midias 7. 8946 , volam 866, 6. 869, 7(
66616966, 66, 66 unum 69, 4. 444, 4. 554, 86866167656

unda 648, 6,. 445, 9. 699, ιι. 55566. 557, 5. 645. 6661664467
6. 788,8 9. 648, 66. 665, 6, 7. 66166666657 ’ 5,

· unam 65ο,5 668, 6. 856, ιο, 616846, 66161864, 65

uncti 695, 6. 664,5 6 volate 484, 6
666116 664, 5. 456, 5. 686, 666666669166875,6 6681618666 ἱ ,
5. 797, 66. 856,7 66661696,161616698,8 volens 61‚4·
9668667997 66666966696666961869,6 volent 8ο, ιι ,
pasto 689, 66 unumquemque 898, 8 6616616489, 5]
6661665695 6666 666, 8. 476, 5. 5566· 66166666. 466,5’
8618666 696, 5. 804, 6. 966, 6. 558, 9. 577, 65. 598, voles 67, 6. 496.. ιτ. 494,Δ
7 4. 665, 5. 646, 4. 645, 6. 747, 66.» 864, 6. 966,
16666666596 · 6. 669, 6. 758, 5. 776, 11 ·
unda 52, 5. 676, 6. ι77,4. 6 volitant 584, 5· “
666, 6. 656, 6. 666, 7. uomet alter 684, 7. 8569. 7616 596, 16
796, 4. 8686 ’ 874,5 6616816565, 66
undae 666, ι „ 6666616166876, t volubilis 759, n
66166868,6 ’66666648ἓό 5 volutam 6685. 565, 66 ’
66.

 

