11111711 ’

6611111111 767, 1ο 69117111 766, 9- 1618181111 466, 5 1
17176111 167, 7 161771 59, 4. 571, 4. 867,7 16181811 168, 7. 189, 5. 776,
1611171647,4 1111111576 7. 517, 8. 515, 11. 518,
6617111847, 5 8011111111 20, ¹ 7. 657, 16
16186 578, 5 ’ 161116, suba. 75, 7. 176, 7. 1616795, 1. 564, 7. 64514.
66186171 688, 5 481, 4 867, 5
fule 716, 5. 554. 17. 3571 66111111, 7115111. 677, 5. 877, 8, sorore 756,5
¹ 4. 547, 7. 748, 5. 846, 7 1611116787. 576,11. 8957 17611171 656, 75
1611161611.. 547, 1. 776, 66161461, 5511, 9. 547, 1616111161,7.186,4.798,7
8. 7859 6. 577, 16. 578, 9. 687. sororibus 571, 6. 597,1
1611715657 6. 8751. 758, 5. 911,15 [6161161658
. 91419185, 9. 598, 5. 675, 1611174651 111159. 7. 167, 5. 7858
2· 151. 1· 1161 1111171117 sone 711. 16734. ⁸· 716.
6611671815, 6. 8559 1611111116,4.169, 5. 567,4 7. 664, 2. 702, 3. 774, ,
1611111117 755, 17 111667691111117171611117 516, 5 17 ’
«5116611467, 1 , solutorum 581, 5 1611116911618867, 14
1611111576, 4. 7755815, 1611161764, 6. 551,8 16111171 ,1. 5651
16183776, 15 8818881ῃ4ζ6ῗ884 56, 7. 699, 5 {marcebat 8οΜ
661111 565, 7. 969, 5 somni 658, 7 1611111517 897, 7
66117, id 171, dies 33⁴² 8 somnia 664, 5. 855, 5. 876, (1171114656
66117, verb. 695, 6? 9. 871, 7 1611117761, 7. 880,5
1611198, 5. 641. 8 somnis 565. 9 1611116 446, 5
6611667454, 6. 481, 7. 876,6 1611711ῑ11111548,1ο . sortiturum-
1611871156, 5 16111116 759, 7. 6154. 698, [611111157514
161116 5, 7. 676, 4 17, 717. 8. 861. 6 861119654
8111117117 666,6 . 6616116697. 3· 216, 1· 4331 8666111111 874,7
11161571 ⁶· 171. 4· 711. 3· ’1711 1· 1111111116. ¹· 11117
1611651111. 1 so!- 75. 2· 91. 171. 3 1161111 111. 7· 500, ²
7. 346. 3· 422, 7 somnum 1671· 2411713151 1619661157
66111 757, 17. 8659 5. 749, 6. 765, 1. 964, 7 1619111171 565, 7
161111 559, 6. 619, 9. 661,1 1666117457. 797,17. 566, spadonibus 467, 5
1111111569 11. 8656 1975718659 ,
1611111111 71, 15. 786, 5 6667179691111661789,6 197194 777, 1. 691, 5
16111111 511,9. 577, 15. 651, 5 1 nabit 574, 4 , 19717777 446, 4
{olium 866, 5 111117111477,,4 19115171711, 5
161111117151, 1 1677611466, 5. 481, 6 19717716 767, 76. 74517
161111117787, 5. 69815 sonantem 761, 7. 764, 1. 1771971 1756
sollicitam 5 54, 8 598, 7 19714171 466, 7
1111111117, non. 766, 5 1611711496, 11 1911511656, 7
1611111114161. 415, 4 161111 591, 7 1971511 518, 7
6611171111 747, 7. 677, 5 sumturum 548, 7 197111 771, 5
1611111111565,9. 7 56,4 sonent 665, 1 19716111 199, 7
161111116857,8 116111111554 19711165751. 6755
6611111118161716, 16 »66111161 5, 11 8917171171 566, 1
161111111811117 76, 1 1676 765, 5. 967, 7 8971666486, 7
161111818111111111475,9 1661111777, 7. 574, 9. 849, 19711711 588,1
1611111171 61, 8. 517, 1. 767, 9. 861, 14. 896, 7. 965, 7 19711111 654, 4 1
16 6611117489, 5 , 1971111765, 8. 787, 6
1611111171 5 55, 6. 586, 1. 667, Sophocles 845, 5 197716 585, 17
. 3 66961955 spatio 11111 47,4 1
, 661571671556, 15 6696644817 1976771767,14 · 1
6616,18,1ἃ.·98, 1. 647,1ι’ 6696116554 spe 617, 5, 755, 6. 7956
191615657, 7958 8617611158, 7 817, 9. 847, 75. 8118, 5
remim 778, 7 · 66187 746, 8 19181176, 4
161777 546, 11 sordent 776, 8 specie 17611 decipimur 8755
161171 748, 7 sordes 575, 14. 598,4 speciem 869, 7. 816,7
1616111475, 1 6618161111 87 5, 5 691817111811111787611864, 11
16119 488, 7. his. 491,’1..11’11811816,7 1911111676, 5. 657, 1. 755,
” 7757 16181611491,7.656,7.691,7 4. 75610. 87113
1611161111 6757 iordid2750‚8 19611617 549, 11. 864, 3·
1611111164, 8. 978, 4. 461, 1681877451 4 885, 5. 961, 1
17 66181861 151, 7. 778, 5 6716111715 9

 

