.. 11111111

5 611110 555, 4 60111757, 1 ¹
' 6111181540, 10 611111046. 59911. 606,6. 60111611478,1. 518,ι
6ἱκ1101ὶ1791,5 684, 6. 770, 7. 811, 6. 601110101611,5
’ diversum 809, 5, 8495 851, 10. 'bis 6011110197,1
61111441. 119, 5. 161, 6. 6111111557,1. 651,7. 655, 60111577,4

1969. 116,1.591,11. 4. omo. 910,1 60101478,6. 594,4. 740,
407, 7. 411,1. 478,9. 6111111 ,7. 197,11.- 548, 15 ·

¹ 511, 8. 515,1ο.518,5. 5. 550,10.580,9. 448,·601011511,9. 641,9. 740, 2
his. mm· 541,11. 61, 5. 610, 8. 75157. 800, 10 1

’.ωψῶωωη1ψχ dmwm

7. 868, 11. 910, 6. bis 60 0110111487, 1 “ . 6010111517, 9. 665, 6. 666, 5
6111 47151 60 5195 66061114996. 808,5
611861146815. 7891 60118046 6010145911
dimensum 601111515, 6. 576,4 6010116895
61661105854 docebo 644, 5. 89911 6010111599
6111611644 6011060111 76.5 1601060148, 5. 547, 568115
dividit 156, 5. 540,10 60106017891. 805,5 doluere 619, 1. 8499
6111600807,8 601101101151),1. 8199 6010014514
61601546, 1. 594,1. 648, 60110111185,6 domabilis 418,8

ι. 89 69006466 60011060156,1

1 doceri 177, 5. 848,16’ 6001111818,10
61110111 mn 6016101741,5 . 6011111104,1
6111111101 548, 6 60111111011111 961, 7 6001811111611 898, 5
6111011579, 1. 908,5 docili 500,7 600181001581,4
61111 591. 151,9. 5οζ 6. 6011111794, 5. 591, 5. 618, 601111 511. 10. 659, 6. 685,
mnmt ffimz bmaemsm

— Ι11601111557,1’ · 00111171191.810,8 15

8416151515 60111180, 1. 19141. 841,7 6010180191,1. 6999
histum 1 · 6061110111 bedese 5111111111 611111101565,8. 758,1
611111ίῖ1 6595 frontium 6 4 6011111111 51115. 185, 6. ,196,ι.
· 1111011905 6116111415, 5 “ 550, 5. 41811. 5651 3
1811110594, 5. 654, 5. 795, 60611 vocae. 185, 5. 6104. 601010101151,1
⁴ ‘0 858961 85498 638951 88371 ὼωὶω88189ἷ97
601111εηί509, 5 · 60611591, 6. 855, 7. 840, domini 199, 7. 740,5
mem 1186 11 · 6001100 111, 4. 685, 9. 695,
6161114848 6061101558, 5. 596,6 5. 705, 5. 7ο8,11
divitia 559, 5. 780, 6. 850, ,60611110015565 dominos 4, 1. 867, 15

5, 86615.Ἰ 606861 851,5 6001116115. 5. 108, 6.
16νί1111001749,4 6116101589, 1 . 716, 7. 774, 15. 796, 1ο.
6161111114, 8. 558,4. 6341 61610111 5086. 5769 867,5 “ · ·

1. 684, 5. 715, 3. 747, 6116101611, 1. 8168 6061101145, 4, 6. 511,11
. 1 60611111 5794. 816,11 655, 5. 649, 8. 666,1.
,611168095545 597, 7, 681, 6060116701. 900, 11. 914, 709, 6. 710, 11. mx.

0 1ο 1 1

1111411111 16695. 648, 1. 699, 100111111671,7 60101151, 596,4

11. 7691 · 6061011144. 50515· ⁶022 domitam 84,7
611611306. 811111 4· 616. 8· 101. 1· 70⁸, 6101111111. 5
81110101991. 511,9 15. 857,7. 8785 6010110155,8..195,1
611101,οΙ.61110178,1 1101οἓ05764. 898,6 6001101165,4.188,4
61101181, 7. 114, 1. 161, 7. 60101784. 1 60111019, 1. 161, 1. 195, 5.

4189 1· ⁶⁵19 ¹0· ⁶⁵6, 8· ἀθωὶἷ 628931 707540 ⁷¹6, 224, 2· 363941 3839 ¹20

818 816 , 1 801’ 6811ὼ111ωμ1
6101017095. 8961 documentum 555, 10 701,15. 770,4. 771,9.
6101008194 891,7 6011155819 85910
61111001 861, 7 dolen 115, 1 60010166, 6. 107, 5. 155,
6101111595 6010115105. 755,5 197, 5. 117, 5. 1448 Τ
*Datim-11, 5. 588, 9. 541,1 6011116110118 881,1 177,1. 508,1. 5591. .
, 6111116711 dolentem 144, 1. 581, 11 ⁹ 56, 7. 448, 9. 641,4. 1

disere 575, 1 dolentes 740, 8 5, 9 ¹
6111111 548, 4. 658, 5. 697, 6011111801911,1 6010011481,1
, 3‘. ⁸7⁶» 9 ‘¹⁰¹⁸013‘787‘24 · 6001011117, 1. 65, 5. 114, 9.
6111116696. 671914. 706, dolet 165, 5. 8896 184, 5. 510, 5. 5681.

⁸¹· · 1181411,ι 1111111611· 11111. 1

 

