INDEX ’

anullinum 1111111544 . 891ῖ51111517,1. 511,19 n
auxilio 555, 11 ι’8911951119476,11 benignuupnnl somnique 638?
inliniri& glabrum? ³⁶⁴⁶ l
1111111597 bibam 195, 7. 469,4
B beataum 81191111
8111145811. 484, 7. 591, bibendi 189,1
11. 759,15 81819699158, 5
8111191191,46, 1 beate 175, 4. 151, 4. 554, bibentem 145, 5
81111171, 6. 679,4 5. 681,1 bibenti 856‚9
bacam 6⁶0, 7 beatam 545, ι bibere 186, 5
bacchabor, 189,1 beate 11, 1. 469,4 biberent 819,6
bacchante 98,1 81111165,1.Ι155,9,811. 8189111991
B²C<h⁸¹⁰¹¹¹ 34124 beatiurnii9,4. 3¹21? 8189116151
34448156, 5. 951,4, 559, 8111111151. 597, 19 81811851. 748,4
5. 530,7 81119771,1ο 818199171619
8111811595. 861,6 beatotum157,n 81884151
u 111111941511 8111111111,8.181,5,111. bibissit738‚1
1111189191. 175,1 811199918111111899191117, 8181188714
Bacchum 102, 5. 119, 4Ῐ 8 bibit202‚3. 151,5. itm
Bacchus 3¹²» 9 beatus 195, ς. 116, 6, tre. 8181111816, 5
8119145814. 796,1 beet815,3‚' 1111115514. 611,8
1816111 55518 bella 5,11. 194‚1,⁸a· 81811191789,5
11111169, 5 bellante 501, 5 8181914151
baiano 674, 5 811111111146, 5 bicornis 499, 6
1811117991. 791,7 8111155817 bidental 914,7
Baiis 117,4. 751,6 Bellerophonte 591,1 bidentium 551,7
balanus 555, 4 - Bellerophontem 498, 1 biformit 15 5, 1 ,
Balatro 717, 5. 719, 11 Bellerophonti 185, 1 bile 57,4
811111991715, 6. 711,ι 81161461. 155,6,8ι1. bilem 651, 4. 819,8. 865,
Β111119111516,1 bellicitilitaeilut859‚5 11. 899,8
Balatroni 716, 9 bellidotnique 816, 5. 851, 5 bilibri 619, 9·
81181664, 7. 815,19 bellica ret 373‚a. bilinguis 695, nb
8189195546 bellitnits255,9 · 81111468,11.597,11.651,1
balbum 841,8 8111119191191,1 · bimaris z9‚1
balbutit 5554 belliu479,3. 858,9 8195615161
balnea 755, 3. 777,,1. 788, 8111154,1.115,1. 114, 5, 81111181,1
1. 899,4 ite. Bioneitllbtnp
antinoa 1111111159, 6 Bellona 658, 8 bipedblit 668, 9
81111819 651, 11 8111111444, ιο. 669, 5. 799,1 bipennibus 581,·7
barathrum 794, 5 bellua centiceps 191, 5 biremis 558, 5
barbam 541, 6. 599, 6. 641, belluamulturum capitum 751, Birthi 559,9
4. 899,4 5Ι , Bitho 585, u
1111111911· 16118511 belim εἰ s· 1111 Bithyna 13¹» ³· 1511
81181111 164, 5. 5 59, 6449, 5 811119191419, 5 bitumen 451, 1
81181111171, 1. 419, 1 8111911188, 1. 177, 5151, 11. blandi prete 907, 7
811811ὶ58,9 5851. 418,19. 557, 5, 8119115655
Barbaria. 756,1 811. blaadi 598, 5
8118119549,19 81111175, 5. 199, 1. 196, 5. blandienti 196, 1
81181191191151. 7. 417,9 115,8.557,11,811. blandior 551,1
barbarum 191,1. 151,1. 81111916557 81191191958
469, 6 8191111191,111.515,7.691,4 blandum 59,7
8118191171, 5. 481,5 8191161751, 11 2 8111111111 841,7“
barbatum 661, 5 . ¹ Beneuentum §⁶527 Blandustae 591,ι
barbire 111, 4 8111491191. 5 57, 19. 475, blaterat 7061 9
8118119117, 5. 541,1 4 ’811911919649 14
“ Buri munia pisculi 568, 4 8111491495, 8 , bobun 280, 6. 459, 5. 591, 1
8111197865 8191518761,6.765,5.796,8 Β991919855,6
8111911811 81114111571,1 „ Bollane 591, 19
1111111469, 16 benigniter 419, 5 8991 579, 19. 498, 19. 556,
Β11191581,7 8194119586. 894,1 14,15. 549, ro.&r. ·
Β11111555,19. 775,5 8111159975,5.581,11.749,7 bona paruluutninum decepta,

8111111977, 5 81114119778,4 , 8115194. 8995

 

