’166116161611 0111111611.

6161616 16111 - , u· 81111 1661161161116161·
11111 76651 Juss'ae 782, 1 - 76111 7171

’1111 flore 741,1 jussa· 490,ss , 1111111967. 881,16 ι
1111114177 X ἱ 1686116167. 766,6 .,

1611661551 31114177 . , . 1.

’11161 ς96,7 7111111641,4. 648, 7. 651, 6.

6161668177 89411 'hunnum u}
1111111711,6 16161451,11.469,6·.51717 labem 871, 16

unQaezm 7111177, 6.765,1..7ο8,7 ,labenteu274‚3

1111616197,ι 1 16111556] 1161661614,11 ’
1166111 75111. 878,16 ’7611617688 Labeone 53729
666161575, 16 1611117646 . s ’1.16611 som

1111611111 87616. 894,6 7111111971. nm ,1111111177411 .
ungu 156, 7 , justitiam 897, 8 1111111878, 16 ·
ungatur 75¹⁵² 76111111 681,3 “ .111)1111110,9.ς6,1.7ῃ,1ἵ“” ,

ungentur 11718 76116574. 18711. 716, labor 19,8. 771, 7. 611, ‚r-
ungere873,2 14. 54ο,9 . 898,9’ . ·· ·
1641657711 111661 1474461411. 166, 11161161 185,4. 57811 ’-.1
6671149811 , 9 ἶ ’1166116111787 77,7. ·.
unior 115,7. 8646.876,8’36866171ἳῐ111;3101.1 1 · 5· 56619 · ·
11616111 178,7 76111641,’7.655,1.819,4 1166161661449,ς. - . ι
1666151,1.164,7 76116169677 ’1116161646 4 ·. ..1
1616616519 ⁴ juvan⁸434,4 . - «111116111166,4.547,4. 677,
11166611 76, 7. 571,4 Ι161161 5,16 1. 765,6 ι’
6616114114 ·, 7611116141 .111611418,1.489,16.56671
16166616 47³2· 6111- jumi 1161 · . 1² 116111911161811 ¹
96, 8. 177,1. 196, 7. 191, 7611171. 11, 9 475, 4. 761, 1116111141111111 1111611718,4. 5
6· 1616· 1166181. 7665114166464116111066169111411111066
11.486,11.567,1ο.519,.. 467,1.4·477,,7. -569,8.. 16. 517,8. 546,1

1. 6667. 79816 . 511,8. 547,1. 551, 3· .11161161511,8. 911,4.« ·
1111116,·1 546, 7. 595,4.1 6974. 69641. 746, 6. 1166111,11661.71,6. 1666..
7447. 7964. 857,17. '. 789, 6. 799,2. am. 461,7.694,1.851,11
867,15. 6848, 895,4]61161418,1. s ·1166111, 6111.,564, 17. 620,-
611 11111154, 5. 968,1, juvenca 74771 1 486916 ,
6117766111 879,11 ,imm 167,6 , 1116111111,7. 51416. 6641.
6111114774 16116111187,8.779,1. 418, 1. 677, 7. 815, 8. 888..
11111611 819,1 11 · 1. 89651. 89411 ·
61161116 698,8 161666149616. 1166115884. 519,14
31ἷίἶῖξῂ ,, 1311818211661, ¹²⁵5¹532²3⁹222333³15222
1216138683 3615111131ξζ91.1.4ξ77,’ξ. 195, 1168666115486, 8

ure 514, 11. 587,1. 8981 7. 415, 7. 561, 4. 6561 11161161414,1

11117164. 467, 1. 516, 5. ,9. 719,·5 “ ’ 1116111168,1.568,17.515,1
677, 16 761161619111161761 875, 6 - 116616 715, 4. 746, 6. 875, ς
6111111616 657, 17 juvenescit 371, 5 11161611 114, 4. 667, 7. 776,
16116661611116481, 11 7111161197, 11.476,7. 769, 1. 614, 7. 891, 16 -
16168167 5. 68816 · labrumontsous

16141111 857, 16 juvenis 187, 7. 778, 6. 6591 11611158, 7. 511, 11. 555, 9 ι
617116167711 ⁸ 7· 6867. Δ887,9 labuntur 165, 1. 4777
4171, 832,2‚ 867, η juventu 70, 7. 767, 7. sum 1111614668 ·
61111861. 566, 8. 577, 161161114611. 566.7 1111111977. 1746
41676, 8 887, 6 juventas 117,1. 191, 6. 776, 1116116161 76, 5
,6111,1.1.7611611678,6 1. 489,7 116111616616111177,7

uus, i. 1. jusculum 577, 8. juventus 1¹,4· 22, 7. 174, 1111111111 756,11

718, 7. 719,7 8. 167,1. 179, 5. 618, 11111661198,4
441111611411685,4 5. 689,11. 778,6 1161167471

411565, 7, 587, 11. 598, juvenum 169, 7.174,1. 181, 11111111111611,1

16. 666, 8. 645, 4. 658,1. 7. 5051. 768, 1. 717, lacerna 767,14

ι 87847 4· 3 3, 3· 411, 1. 877, 1111111971
,111111664619141 16. 8798 luterus 46, 7. 176, 16. 571,.
1661178, 7. 566, 1. 518, 76111161475,7 5. 8576 -
116756. 7647, 771, 711111146611. 681,,8 11611165761. 71916

 

