INDEX

811183611111111111511,’11 81187ῑ1111875,3 8181111648, 11
“ Δ8111111111318178,1 decipit 8111, 5 8181111581 ,
81147311 decipitur 11313 81811111 597, 5., 597, 4
811396, 3. 64ο,3 , decipiunt 534, 5 81811111655,.4
debacchentur 155, 7 decise negotia 764, 14 deduci 141, ς. 613, 4
8161113798 decisus pennic859,8 deducit in 1ἂ111 883, 4
.8181119οο,6 81111111735,1 · deducit 768, 7. 881, 9
8161815951 8181111157 8181811851, 11 ·
8181811731 8118113597 8181611174, 1
debemur 877, ιι decoloravere 153, 7 8181611894, 4
8181111111 534, 9, decoqueretur 619, 9 8181168111 378, 1
818111561,1 , decorior, 6. 887,5 81811111471,1
debentia 776‚5 811111 515,17. 799,8 81811181361,1
811118611116, 7 81111141, 3. 3ο4,7 8181817413
deber 16, 4 61, 7. 745, 1 decoram 116,1 8111116339 , i
debet 831,1 81111111 115, 4 deero 597, 1. 615, 1 “
debetur 577, 1 8111118855, 6 81117831
debilitat47,3 decorat755,7. 76ο,4 81111111379,6
dedite 111, 1. 173,6 decorent 165, 1 8161811577, 6
8111811347, ιο 8111ιί 115, 1 defendar 551,9
8111111355 81111ῐ1,187“1ἔ8.7οο, 15 ' 8161181189ο,3 ,
debitor 538, 1 decoro 36 5, 7 defende 389, 3
81111111173ο,3 8111111114,1,134,1. 116. &ferdere 613, 3
81111111115, 3 9. 431, 7. 588, 4. 761, defendente 6οι,4
811111355, 5. 758, 7. 813, 5. 836,8 defendere 531, 1. 685, 41
8181816οὸ058. 8ο5,’5 886686ᾨ68’388,5ῗί 8168881785, 11
1 811181871,3 8111114981 defendit 71, 5. 381, 13. 551,
decedentia 751, 3 decuere 789, 5 8
decedere 866, 11 decuit 815, 1“ 8161161684, 13
8111811677,7 ’- 8111111111 344,1. 366, 616. 8111171831
decedit 143, 7 4 8161111 8 55, 9
81118111 171, 5. 185, 8 decurrere 358, 1. 765, 15 8111111584
8111111363, 1. 371, 3. 531, 8111111, 1. 114, 3. 119, 6. 8161117161 K
5. 645,1. 811,5 311, 6. 341, 4. 389, 3· 81611111651,ι4
mmmmm nbnmwrwedwwmu
Ι)1111118111317,8. 816, 1 500, ιο. 648,1. 86771· 8161117795 ·
decembri 703, 4 898, 4 deficiunt 614, 9. 795, 6. 875,
8111119181111, 4 ’ decutit 467, 9 , 5
81111176, 3. 363, 8. 414, 81813491 8111311,υ.818117“11
4. 715, 5 dedecet 14(st 816ιί1 oculis 753, 7
decent 318, 6. 763, ro. 881,5 818111111379, 7. 853, 7 defluat 111, 4, 349, 11737
81111111881,3 8181111 513, 1 rr
8111111111, 1. 549, 9 dedecorum 179, 1 defluit 51, rr. - 533, 7
, 81111681871, 6 dedecuit 196, 5 8111111844, 8
decepte 511,4 dedecus 549,1. 633, 7 defodiet 754, 5
8111711615, 3 8181111747, 1 deformat. v. denormat
8111711111Ι 514,1. 815,7 8181ιὶ111548,1.600,3· 8161111147419
decerpens 431, 9 dederint 46, 1 defuis· 519, 9
decerpere 515, 5 dederis 393⁸, 4 defricuit 6οο, 1
decerptae 31, 1 dederit 50⁶, 1 defuiffe 447. 7
’ decertantem 17,3 dederunt 275, 3. 414. ro 8811818198
811111ι,4, 6. 111, 7. 367, 81814895 ’ 8161161111 334, 7. 341,3
11. 417, 5. 473, 1. 673, dedicatum 118,1 defundere 619, 6
, 5. 811,1ο , dedicet 99, 4 deindo 385, 8
deciderint 414, 3 dediiier 531, 1 8131111114 ·
decidimur 391, to 8181111841, 5 deget 356, 11

decidit 511, 1. 788, 16. 831, 8181194, 4. 119, 4. 119,1. 818111148613. 535, 7. 568,
unm twwmbwm·eQa
811111111119,7 511, 1. 568, 5· 5971 5· 11189311
811111 498, 4. 531, 1. 661, 616, 5. ·7οο, rr. 798, ιο. 813111111913. 11
·“ 3, 6. 898, 11. 914,7 861, ro. 879, 6. 901, 5 dejecit 416, 8. 538, f. 858, 5
Docto 571, 9 81811 pedro 514, e dejectum ιο, 5

 

