¹ INDEX

66666, 7665665. 654, 6 6666186695 558, ιο
Ν66ἰ6496ἲ66,855,4 66666656, 6. 658,4 6666666496

Navia, bellua, 656, 5. vid. natantes 767, 7 nautis 5¹· 9. 669. 4. 664, 4.
· Mevius natantia 18‚1. 477, 7. 489, 6. 557, ¹,
s 66666 575, 65 natarunt 66,ι 8

Nziadum341‚3 natat 764,ι 669, ι. 57, ι. 46, 6. 74,4.
6666 75, 5. 96, 5. 685, 8. 6666474, 6. 596,5. 696,5 76,4. 666, 6. 665, 6. 656,
ι 694, 5. 566, 6. 556, 6. nati 668,4, 758,4 6. 656, 7. 666. 5. 646,5.

⁸ 466,4. 454, 5. 467, 66. nati· 5ι6,65. 655, 6. 655, 685, 66. 696, 5. 697, ἕ

ιιι. 1· 60616· 5²¹·3· ι· 6866 12, 666. ⁶· ³⁵⁸2 6· ³92

566, 7. 567,7. 556, 66, 6664766664. ιο6,ι. 666,7 ·5. 598, 6. 466, 7. 476, .
6

. . 66666616856,8 4486, 66. 568, 5. 566,

66646689, 5. 667, 5. 565, 666696661ἱο’569,5, 656, 5 8. 565,ι,ιι. 566, 6, 567,
8. 4549. 47ο,4. 568,9. 66667ι8, 5. 749,5 6,,666. 555, 66. 55446
5546. 566, 5. 569, 1· §mutos 668, 5. 67ι, 4. 586, 5 ne 666666 896, 5
8. 74, 2. 575, 5. 864,7 Nau 586, 6 ne 6668666, 6. 765, 7. 856,
6666ῐ666666899,5 66646666764,4 7. 888, . 969, 6
turdi 4ιι,5 natum 665, 4. , 5 6, 5. 574, ..16646666665454664
nardo 696, ιο. 466, 6. 449, 6, 7. 575, 4. 6594. 866, 5

6. 475,7> ’ 6. 855, .856,6. 965,7 66669756, 9. 866,6
aare· 756, 9 ntum 66666 agendi· 879, 5 66 4666 547,9. 685, 7. 766,
6666666564, 5. 5556. 8648 6666666566, 5. 5655. 564, 5 =
wis 470> ι· §4504 ιι. 568, ι. 569, ι. 554, 6. 664686 76, 4. 546, 6. 688, 9.
anzimunm 546, 9. 569, 6. 577, 7. 6548. 855,ι
66667695 6ο8,4.666,5.656,6.6586 memoret 567,4. 766,8
6666666965, 65 66. 676,9. 676, 7. 766, aestumat dubit. 666, 6.
. W⁸t⁸m⁶35tss ²· 709‚5. 8166116 8⁸¹2 348‚10‚8oe0
6666666849,7 7. 965, ι6 8866664786
’6666648667 , num 666667ἰ666656466 Nem 566,5

nannet 766, 6 nutura potens 667, 65 Neapoli· odda 447, 9
66666ιὶ8896 natura (66Ιί666 845,7 uenam 565, 5
66666569, 5. 596,7 66666866666969,4 nebule 96,7. ⁸55³!
666466 6894. 764,66 6656666669, 6. ι6,7. 676, 66668666 567, ιο
6666666845 5. 776, 8.8 ,6 6666166665646
6666666566,ι.5ιι,65.756,ι naturam 678, 7. 775, 9. nebulones 75Ι,5
6666678966 ’ 78ι, 6 “ 666616666568,4
6666668896 namnum 66656. 7,6. 67, 6, hh.
nmo 57 5, 6 »muas 887, 5 66, 4. 66, 6, 7. 66, 4,6.
6666665566 66666646. 598,7. 565, 666, 54. 459, 5,7,ἁι.

nascentem 576,6 , 6. 57⁰2?- 576, ι. 575, 6, necne 548, 8. 556, 5. 554,
66666666745 9. 664, ι. 659, 6. 649, 65. 699, 9. 857,4
nascent 497, 5 ’65 685, 6. 764,8, 865, nec non702,1

nascetur 884, 5 66 666 6666 cum 665, 5

nasci 666, ι , nave 876, 6 666 seit 965, ι

nascitur 556, 66 mmmm· 840.ss nttsemel9¹4‚)4

6686666666 656,4 naves 667, ι. 656, 7. 848,7 necabit 667, ι

Nafica 687, 9. 688,7 666ιηὶ466685 6666667685

‘Mea 788, 5 66666666, 6. 66, 4. 466, 6. necato ιι4,ι
Ν668ῑ66676ι,6 779, 5. 874,ιι 6666666644
Nufidieni713,2 naviget 656, 66. 866,7 necem 685,5

“ 166ῆά469676ᾳό 6665667555 66668666 4ο, 7. ⁶²⁸2!-
naso 576,4. 719, 66. 875, navim 665, 5. 59, 5, 646,4. 6956. 676, 66

¹⁴ Ι 201, 3. 279, 6. 465, 6. necemus 19, 4. 656, 5. 646, ’

66666676666 865, 65. 846,8 9. 3594
6666665465 6666666, 5. ι99,9. 66649 666ῑ6457,6
6666665664 66666557, 6. 5845 6668666545

, 6666564, 5. 579,7. 564, 9. 6668666466, 5. 496,6 6668666658,ιι. 6595
877,66. 886,8 wimun- 465, ι. 445, mantum
natae⁶55,8 5. 466,9 aestuem
natale 869, ι ascusam 464, 9 · metendis 465, 5
natalem 87,5. 6647 6666667554 6666666195

ἐ46666166 669, 8. Syma . suntqu-110‚2.<558,4‚7nefflt821,8

μ . nauum„ - 6666486666665668· ned-nm«.

 

