Vocnuuuontrtu 0111111111.

remittit 919,1. 565, 8 119116166111898, 16
1111111..111851,16 1191111611 575,15 ·
1111191111, 1. c. removerant, 1196111111, ...1111916161

619, 6 reprendes 811, 9
remorsurum 454, 1 reprendit 666, 8
r 11161465, 6 reprensus 668, 1
11111611 111 961, 9 repserat 761, 8
11616111 156,1. 119, 4. 178, 1191117464 ,

⁶· 1161· 4191. 709. 1 1111111111 538, rr
remoto 159, 6. 887, 9 repulsre 147,1
⁴ 11616161 571,7. 681,1 - 119911161718,5
1111161111 168, 1. 966,4 ‹ repulsum7ro‚8
1111161111 687, 4 Ι 1191719766, 5
removi 695, 7 1199111591
removisse 271, 5 requiro 795,5
remugiat 191, 1 „rere 596,4
remugiens 466, 9 > 11111 656, 16
111111161481, 11 “
renascens 2 56, 2
renascentur 878, 5
renuti 418, 11
tener 651, 9. 75498
renidentes436,1r 5. 891,1
renidet 168, 9. 111,1.176,1 1116611191111116111 867, 8
1166616111 469, 15
11111111 861, 5 11.
tenuit 799,11
1161856, 5
“imni 39²1» 9
11911111156, 1, 681,4
11911111119,7
reparavit 141, 4
repensus 270, 1
repentes 854, 5
1191111659. 515,5
repertor 897,1
11911111969,1
repetantur 4⁰t4
repetar75s‚9
repetat 545,1. 767,11 1
11911161515,5 , rescribere 646,1. 745,1
repetet 149, 5. ,671,4. 761, 1161111481

11 1171111151, 11
1191111 65,4 endunt 156,1

811,9. 846,1. 8998
· 111,18171,111111111876,1

’ · 656, 8.

866, 1
11611111 8 51,1
rescinditur 745, 5
rescribe 751,6

. 1191111564,5. 595, 9. 755, 8661166676617

9 116511655911. 761,11
11911111 964, 7 resolvent 111, 5
repetitum 744,1 resolvit 648, 9
1191111111 5 59,1 resonantur 5ο, 7
reponens 58, 6 resonare 194, 5
reponere 765, 5 resonarent 590, 5
1196916761 11166115591. 551,1
1196111176, 7. 7898
11961111 44,4. 81,6
119611161465,4
reporto 565,1
repostum 466, 1
repotia 619, 8
representet 516, 7

resonet 519,6
resorbens 177, 5

respicere 667, 7. 966, 11

111911111111754, 5
respicis 11, 7. 65,4
responde 681, 4Ι
respondeat 694, 5
reprehendere 656, 14. 857, 6, respondebam 591,15

11986666611911, 14 1 744, 8. 818,7
1141161661681, 5. 837, 1 ‚ 111969915111594, 9

· responderit 659,7

117961611575,6. 798, 8

, respondet 518, 5. 597,8. 765,

1114966611751,5

“ 1·1’96111561,7.589,1 ·
. 1119691111716, 5. 7597 , ι,

111969111711, 9

responset 671,6 ·

responsore 799, 6

responsum 457, 1
1119611111719,14. 8596
respuet 851, 6 5.
1161171615. 754,7 ·

, restinguere 566,4

1186691111 165, 5
.1111161111181,4 ,

11161111916.461,16.411, 11611611595,8 . '
6· 464111 498, 9. 514, testiturt421,5 s
¹3· 5671Ι 3· 571, 5. 668, 11119595, 11
3· 7092 6· 721, 1, 754, estnon 176,11
¹· 7318. 876,11. 877, 11611511116,1ο, ²5⁶2⁶

retardet 185, ro
retegit 517, 4

rerunt 6961111111 1111116111 861, reterenr 658,1

1111141111

111, supple, 1161611111 515, 8. ῐθῑῑῑ11111111516,4
646, 5. ι685, 9, 732, 3. 1111611611558,6
740, 6, 774,15. 787,5, 1166161814, 12

retinere 515, 4
retinet, vide recinet

111, pluras, 149,1. 166, 8. 160ῐῆ623117
52666488 10 ¹' ⁷‘ {miss 111

⁶82r4· 7535ῒ’1.177,6,715,7. 818186818ῐὲ4391 4 ‚ .
111, id est, ,11116611 614, 7. rems-1¹¹¹ “3⁸ ⁹²4r 41

retrahar 815, 15

11116 155, 6. 191,“·5, 166, 5.
191163571146611 ·

retrorsum 117, 5. 596,1.

1111111111686661, ²⁶ ,

rettulit 151, 4. 411,1. 851, 9

1119991551 “

revehet 474r⁷
1111616851,

1111161117, 8
111111711, 5·
reuerti 114, 7· 64815· 6981

11111116681118 mn s

’ 11111111 5786

11111161 116, ι
reviset 761, 1
reum 671, 1
reroernt 565, 5
11111111
111611νί1 411, 5
1116166161 85916

’ . 169616111595, 1. 655,.5. 11116144. 575, 5. 4888.

111. ⁹· 1161· ser· 1·

· ‚⁶4⁸1 3· 61111 111. 1.-

 

