Vocanonontru 0110011οῖ

006, 3. 833, 3. 88811 031101101888, 10 0104614, 0. 793, 8. 799
muna 069, 3. 097, 10. 403, agitor tna rea 815, 10 ιο

8. 300, 8. 369, 0. 377, 0301100087,6 010 709,3 g .

8. 609, 7. 743, 4. 816, 9. 0301100417, 9. 488, 4. 6ι4, alt 306, 4. 308, ιι. 330, 9.

806, 8. 903, 3
Afer 360, 0
affatua 30, 3
&ma
0110101630, 8
afferet 003, 3
affert 702, 0
affertur 717, 7

affira 069,

affixit 310, 00
18141101 701, d .
*affluenter 407, 3 ,
0161011444, 6
affulsit 383, 7

Afra avis 433, 7 ‚
Afra cochlea 678, 1
1161101834, 1

10 nans. ,666,4. 700, .
0400000463 70011. 736, 3. 801, 8.
000 416. 4· 46611· 410. ,160 14

16. 6384 01001308,10. 736,0
Agna· 334, 6 110 783, 6
agnam 01, 7, 003, 3. 388, 0101 aaa, 6
3833479347 0111808,οα 900,1

l
wwmn
agnis 440, 3 Albanam 679, 7
agno 406, 2 Albanae 300, 6
agnon 308, ι, 637,4 Albani 403, 4
agnoscere 798,6 01161011 331, 4. 760,8
agnum 783, 7 1116100831, 1
03013401 , Albanos 364.3
agrestem 701, nmo· 864, Albanum 703, ι’

00 albatus 619, 9
03101101 318, 0. 890,4 0111010001 307,1
0373818447 11111 521, 6

06100003,0.396,4.647,0 0106108006 ” ,111111Ρῆ1111 ¹· 55119·

Africae 310, 6 s
Africano 463, 3
Alricia 357, 03
ΑῇῙω ⁶02 4

agrestium 040, 7. 360, 8 746, 1

agri 007, 8. 690, 0. 796,4 01110001 00,4
agricolae 840, ιι Albini 901, 9 ,
agricolam 306, 8 Albinovano 768, 1

Africum 3, 0. 07, a· 330,3 agricolis 384, 0 1111150101· 511, 7. 388, 0.

Africana 480,8

Afris 130, 0. 710,4
41610008, 3. 034,8
Agamemnona 401, 8
agaso 700,3
1130006683
„agedum 348,1. 631,1
agelli 786, 3. 880,3

agello 373, 17. 633,1
agellos 781, 4

1

Agrippa 06, 4.. 634,6 590, 1 .
mmmdwmnfflmmr

733‚4 alboCoo 674, 0
agris 407, 8. 401, 0. 318, albo panno 033, 0

3. 334, 3, 634, 3. 670, 0160 humero 168, 8

3· 1006 rso ¹· 160.11119001106.1

. 910,6 alboprpere718‚7
mmwwwwmffloQG

1. 704, 3. 787,0 01100007068ομ
ηωωαηωψψῶωωμι

14611011166209· 76617 27316· 298, 9· 4311501111111113· 346110·46713·

agenda· 406, 8

agendi 726, 10

agendii 764, 1. 879, 3
agens 080, 7

agente 217, 3

agentia 821, 0

ager 637, 1. 867, 1
aggere 388, 1

agilem 806, 0

agilia 726, 2. 744, 3
agimur 870, 0

οΜ60οΜ0160008Μ
890, 6 1111001630, 4

lillis? 1111101200οἏ s
· r · 1 ι

agunt 437, 3 » Alcaei 399, 3

agunto 880, 10 Alcaem 800, 6. 863,1
Agyieu 389, 4 Alciden ,31, 7

ah 104, ς. 000,1 Alcinoi 738, 3

010,οὴ 430, 7 , 011000714, 00

aheni 13147 11θῖ 33877· ⁶8⁷, 2· 88838 Ι
ahenea 006, 3. 309,1. 834, alea 148, 3

agis 60, 0. 390, 04. 6933 0 0101001608, ι

0311011101 699, 00
agitant 900, 00
agitantur 39, 3
'agitare 204, 0
agitaret 477, 9
agitata 041, 10
0311110301, 3
agitatur 189, 3
agitems 31, 00
14101816, 10

aginam, 9 ·

ahene0290,9 0100 679, 8. 714,4
aheneus 036, 6, 709,10 116113. 2· 036, 9. 066, ι.
ahenum 867, no 3001. 363, 3. 407, 00
Ajacem 63, ι. 063,4. 634, 010100 686, 3 ν

8 Alexandrea 408, 0
0870111466, 4 Alexandri 833, 3
1170116336. 636, 3. 637,4 Alexandro magno 830,7 2

“ aiebam 390, 11 Alfeoua 340, 3

0101003960 0110313, 0. 683, 3
alebat 554, 3. 7040. 719, 1114316086, 3. 330, 0. 380,8

¹3· 79313· 91133 Μεῆἒωέζιή 11

 

