800110101111 emmim.

8888181 320, si. 545, 5· 757, funt 511, 7. 515, 4.ὁ 687,’1 611165, 5. 98, 3, ¹⁹8³ „gx
’1066015495 X fflm'tgggaey ⁸ ²55⁹ 9· 29⁰³ 31, 7· ²979

2· 370» 2· 414,10. 411.
1157514794 . 1111116, ,

Μ ³¹3’ ¹4· ’4041 ⁵· 6116111811 1311. 7992'f2t31'0⁴{⁹4³1’‚⁴1‘⁴⁹⁸’²¹

16, 5. 564, 7. 717,1 1. 850, 11 1.1.11111,9 ’
10611116954 -61160 511, 4 fatali· 151, 10
1010010610, 1 ’ , 61161111 774,1 6110110 540,,7
‘aciens 555, 6. 697,7 6116117991 61101111600,.1 ⁴

10101161 857, 15 61111154, 5. 155, 7. 140, 7. 1114110161οη
116016601750,1 “ 411, 5. 515, 8. 519,10.,611111101819,5
'acies 1111. 414,9. 515, 11.Ι 285211323' 41. 76⁷5⁶8237. 6110105666, 5. 671, 1. 706, 7
’,εξὶζιὲόιςῒ8 · 61111106 6091661168, “61111ἰ858,1. 910,5

1111141911. 515, 5. 508, sange 571, 5. 655, 5. 815, faterier 866, 8

’1161115678ἰζ ¹ ⁸ 6111111518,4.515,10. 51,Ῐ6;61α1υ1ἧ1,8ἓ6”
'acini 197, 5 9 5546. 708, 11. 55, 616911141615
’1061161899 7. 881, 5 fatigat 191, 6
1111111851, 6 famem 88.”1.’ 517, 4 6116911611, 5
'acinus 800, 4 sim& 31¹, 4 61185161 180, 6
’11117599 61101170111811,5- ’ 6651101551
’10111556 6100619145 6111500111,6
’1661019146 6111061507, 7. 619,5 61161555 *
'an 576,11 . 6111060 carmine 811,8 6110 609,7
’1ἃο1608,4. 910,11ἡ ’ 611106011707,10 6111111 5941

'astu 554, 11 61010611 151, 7. 545, 1 6100 475,4
’1681111 568,1. 577, 4. 690, 61101Ιὶ1 145, 4. 51 ,5 611001 ς18,4

1. 691, 8 , ’ 111111119511 611011890,5
1611101891. 691,7 fana 580, 8. 481, 5 faventium 557, 7

’16115691 611161110101915,5 , 61111198,11.858,4. .
’111111 565, 7 Fannius 546, 10. 611,1 favete 159, Ι1
’1111160 41“, 1 61111111 775, 5 6111111111 175, 6
’10111611 505, 7. 876, 5. 6115789 8101105164
889, 1. 891, 15 61τί 588, 5. 747,5

1100 157,Ι 8. 508, 8. 677, 9 61110 551, 4. 711, 5 Faunis 818,4
atem 679, 8 611111 565, 5

Fauno 11, 6
1111111897, 1 6111016591 3 Fauna· 71, 4. 115, 1
’0111111104 61171. ²· 35⁶‚2 ‘

6110111 10, 1
{ke 119, 4. 451, 1. 541, 7 61110616410451,7

1110111144, 5. 677,9 61106 150, 8. 151, 4. 578, m? ι51927ῗ16,4
,8110111185 1 Ἴ 4. 904, 1 61101001 8187
,81101116 105, 4. 160, 1. 195, 61600151,6. 757, 5. 798, 11 Fausta 5141

1· 441. 1· 6114 641. 6181111411. ιι 1111511
10. 816, 5 611611110785, 7

, 6111116 894, 4

61166111 584, 4
1111111751 , 616111111459,4 61160858, 11
ἳ111110615, 1. 671, 7. 675, fasciolas 661, 5 6111101599, 5. 814, 8. 619,

3 fiffidi· ⁶2², 9. 680, 5. 700, 6111011611794, 7
1101111715, 1

Ἀ, 8 1³¹3: 773,10.651,1 61111641, 7. 691,5

11ιῖ6ῧὲῘί ¹⁰ fzsth'ssnsfssffi'ss* fflffl'fflsm

38111478, 11. 865,1. 911, 6111610610 554, 1 , febrimque 667, 1 “

6 , ’ 616160611145, 5 febrium 192²

91544581 5147451554. 11· um 6411181411· 418. 4· 411.
5,7 1 10 04,5 8 ,

111151, 1. 5,.,7 141111. ,11, 5. 711,,
‘affandi 800, 1111111499. 819, 8
’1110110 611, 7 6161611111441, 6
Ἰ1111111485, 1. 817,1 6161114141
fallere 181, 6. 506,1. 581, 61601

1. 711, 8. 800, 9 feliciore· 432, 1
68168688 lg. 2· ³88, 3 5 · sentite! 846, Ι ·
’1111118615ιὸ . ’ 11115964. 570711ζ414,

1116136936, .

 

