V0c333333033333 0999999919.

9969588999 99999 65 30 594,9. 565, 6. 99916999 9486 9988. 469,
3³⁶⁶ 9696 9969· 9966 99999· 9 999. 11· 6999 699
99669966 999. 6.9· 999916 96996. 69969991
991191199599,9. 559,6 764,9 16991 9199 574,9 ⁸
pastorem. 555,9 parem 599 ’ 9919991994.
996999956498 9999999699. 589,5. 586. 5 monem 5986 ⁴
9666669999- 6996 .340, 03 999999 9 66

pastum 558, 6. 799,6 9999199469. 599. 9. .584,9. 9999994594 708,2
Ρ9999999964,8 , 495, 96. 758, 9 999999 959, 9. 969,7. 569,
9999996965 96919996,5.585,5 596, 6. 575, 97. 69, 5. ⁶⁸47
32¹e⁶3⁶t3383 4··⁶⁶3 7⁶· 699·.9 999. 9999. 6 9 ,9 699.
7999119 746,9 , 95 9οο.6 · 9. 68ο,7
9.9999,599,9 99999999 997 4. 555, 99 9999999919 897 5

patentem 865, 99 9996995999 599, 9 9999999799, 6. .774, 5. 99946 ‚
patenti 994,9 9991119 974. 4. 695,9 pauperem 996 9. 999,9
pater 8,9. 95, 99. 96, 9. 9999999164795. 656, 99 9999999685, 6

999· 969· 999· ·9·. 966696· 6999 96696696. 66 996

4. 958, 9. 556, 9. 548, patri033489, 85 685, 9. .994. 7 9999991199799. 33

6919. 13· 9999· 999 9669966 ·3·s2›¹¹ 96. 969669996699.

²· 333„ ·49· ¹¹ 499. 9· 999. 9· 6699· 96. 1333 ·9· 969. ι9 919·

9·9·9.·.·.·999999991 9,·9666 669996 6·9.69·6.·6

341310· 33⁸·11·539=3¹¹r¹⁰3¹323382773 9991·

437· 111116·174.657191·616617691 16666611· 3133 ¹· 11791·

99. 589,7. 6948.8 55, 9999999967,9 ⁴ ⁶²77537¹032·3⁶93¹8
,8833320 ,5., ⁸,⁹⁴’ 3:82025357 12311118ἱέ1 ,1.,9
9999999999794, patrum 579 9. 585,5, ,495, pauperum 5999
99999 6999999 703 9 6. ..475 ιο. 497, 99. .999, 9999999999 54, 2. 859, 9
pater et 59999999 patre 911591 4 ¹ 9999999999759, 6. 697,9

875, 9 patruum 6558 paupertatis 899,4.
patera 83,3 998,9. 579.5 9999999 589 9. 649, 5 pauperum 999 955,5. .554
pateras 594 9 999919676, 68 996, 5 6. 499. 5 ·
9999919 men 585, 8 99 919199 99999 894, 99 8996 6999 733, 99
999991979857 999199 865 7 968509, 9. 664, 3
93333132430, 5. 8384 ‘ patulis 6759 70333333'33708, 7 6,95 9
paternam 994 8 patulum 883,7 9999999985, 6. 5558. 999,
9999999 845 955, 5 ..859 8 99999 999,·.5 999,9. 548, 95. 8.999. 899.6
96669999· 6999· 999. 1· 999. 99· ··999.· 699. 16696959 99.·

13 73:333707,6 ,799,5. 655, 5

9999999994, 5, 894,9 999999 5595559514. 5745 4· 901561

733333303228,3 99. 69945. 9999499558, 99. 895, 5 895,
paternum 9,95 8. 785,9. 4. 595, 30
798, 94 733308911 9999999 798 5 ¹
99999999 598 9. 570, 2 paucorum332,5. 595,9 76661616 §3722 549, 9. 800,
patet 290,33 625, 5 999999 708 94
99915, 5 47, 9. 9,45, 1. 337, 733u3384, 99 966666616557,99679.9
4401961· 79196601» P²V⁸1¹¹⁸¹¹¹ 67796 17691 1666666717.6
30 999 9999919499, 9 999999999545,9
99999 955, 999, 6. 499, 99999479,6 9999999898,9
9. 545 8 759, 9 99919999, 9 ptem 595, 99. 784, 4· ,
patiens 33, 5. 5ο, 5. 55, pandam 999 9999999996, 3. 546,9ι. 549,
9. 99459. 686, 9. 895, 5 999 91911799,66 99.795,5
patientem 99,4. 797, 99 pavidum 5ο),455, 95 pecore 498, 9. 6559
9919999999 8ο4,5 896, 4 9991699 5, 9 pecori 5959 5. 477, 7. 486,5
9969991996.. 5. 895,4 999199999999955 9999919 498 99. 799,9
9999999199 765 6 99999 995 4 9964. 5
9991999999. 13 99919999 859 30 867,5 969 467 3
733133738,3 Pauli 565, 5 9961916696959
66966996 96669999 99961999· 1666· 996. 9· ⁶3¹⁶2 ·9·
9·66·6999.9··9·9.9 ·9669 669. 6· 6696 6969· 499. 9 9996· 6.999
P⁸¹f¹¹²⁸79438 895,3 pestormm. 437,30. ²73

996199 6ο, · 99916 9199 8594 ι(1·17196571966ὶο, ⁹

73833333363,7. 8949 1991995555 7771616· 7967· 74614·

 

