x 1NDEx'

9661111 696, 9. 568, 5. 499, 7 96961651, 8. 5655. 615, 11 puppibus 6‘1, ς
9661111 661, 1. Ι346, 1. 467, 96561ιᾶ pugnus 559,4 9696166 447,6
6. 575, 4 pugno 6666. 561, 6 pun 168, 9
9666 65, 1. 59, 9. 58,6. 96161661 576, 16. 57516. 96665·ι6,4. 491, 5. 86614
79, 6. 164, 7. «114,6. 666, 6. 754, 5. 866, 8.·9661566,11.767,9. 8651
ιι6,4. 1451. 1956. 856,4 9669661667ὁ4,6
6456. 5659. 566, 6. pulcherrimus §⁶724 961911161765,1
, .558,4. 565, ιο. 5651. 96161161 67,ι. 156, 7. 696, purgatum 641,7
597, 5. 4456. 446,16. 1. 666, 4. 768, 5. 778, 96656661966566899,8
,6666666666 ;; 868819· 11167647,
9666, id est, 666666 686, 5. 961666656515 “ puri· 456, 5. 549, 5. 556,
1166· 1666 6611665961- 8· 6166
96611469, 14. 57519. 666, 96161161 bene 66611916, 15 purius 86, 4
4. 841, 8. 96166666666111161715,4 9666 664, 5. 696, 5. 561,
9666191666. 81, 4. 86, 1. 565, pulchri 516, 1. 8156 5. 557, 5. 575, ιο. 741,
6. 541, 1. 964, 9. 5961. pulchrior 67, 1. 186, 5. 696, 6. 864, 7·
566,15. 5451. 557, 84 16.586,5.476,5 9669661 6156
5786. 656,6. 766,9. 96166616415,6.648,1.816,5 9669666415, 11. 451, 16. .
84961· 9967· 9166 9919669· 1964 444‚7
96661, 1896, 16161766, ι. 761, pulchrum 755, 5. 7587 purpuratum 644, 6
4. 815, 6 9611199, 6. 485, 6 purpuras 1655

, 9116611166 661, 6 9611666 588,15 purpurea 701, 19

9666116689. 659, 5. 461, 96116468, 5. 6651 96696661651,18
7., 4ο6,4. 467, 5. 568, 96116 6558 966966611565, 5
5. 557, 8. 579,5. 655, 9611618654 96196666 168, 6. 651, 5.
4· 420,12. 66616666 1911169961· 5981 1166 ·
. ¹3· 766, 5. 761, 7. 846, 9616661666 626, 6. 8155 purpureum 194, 5. 8656
’ 4. 866,6 · 96116661611665,6 purpureus 3, 7. 8755
96666 696, 7. 4651. 556, pulpita 866, 5. 846, 9. 896, purum 168,6. 6556
¹¹· 592, 9· 5942 2· ⁶⁶3, ¹3· 8966 99191 9161·
1. 8454. 888,7,ιο 96165656 96611661661188,5
96666666 566, ιι. 547, 5. 9616661551 966 581,8
66916. 75ο,1 pulsat 22, ι. 566,9 · 961666,6116969661 ,
966661 51, 7. 6556. 578, pulses 6956 96611666666969111111 l
16. 588, 5. 496, 6. 499, pulset 87=,6 968111 546,6
5. 5481. 8154. 865, 9619661611 9616116 5655
, 9. 8855 961165686 96116851.
966669 deorum 879, 6 pulsu· 571, 6 9616616 4ο8,4

· puerpera 491‚8 7161166667, 7. 656. 1169 9616618559

96669667859 5. 151, 6. 587, 8. 666, 9666667768
9116611166 156,5 “ 1. 769,1 9666618457
9666661454. 165, 5. 259, pulverem 6,6. 656,6 96165651. 55416615,
5. 596, 7. 576, 3. 666, 6616616149ι,4 4. 668,1. 75516. 754,
5. 687,1. 8166. 856, 9616661655,6.167,1.719,5 11.781,5.817,5
2· 9ο6,1ι 961611166459,6 9661666859
pugil 646, 16 pulvinar 139.'2 96661 615, 5. 655, 11. 846,
pugilem 5681.. 57558757 pulvis 596511.. sonno-8030 2· 807,9
9691166 848, 1 961616 ct umbra 166666 59416 putato 656, 7. 765, 16
pugna 585, ιο. 7,74,7. 814, 3 pumice 824‚2 < putatur 816, 15
pugnabant 55995 pumicibus 47,5 · 961611 696, 4. 819,1
9156661656,8 9666168651. 86515 *putem 859,16. 89514
1666 65. 6· 21³» 3· 323, 666166 6969 66661966
ιο. 576,8 Ρ61116166111845,4 , 9616168154
pugnam 565, 5. 564,1 Punitae404,4 putes 515, 7. 548, 5. 6687.
pugnantia 515, 17. 56516 Punjcis 669, 5 765, 4, 797,9.856,1,7
pugnate 102,2 Pumeo 279, 4. 464,1 9616696661ᾰ16196667,6
· 965666, 66666611, 5. 202‚2 pup³m658,1 9616666656 4
pugnat 676, 8. 7558 9691111666 6581 9661618556
pugnata 569, 4. 798,6 pupillis 72b,8 . 9666666 885, ιο. 9158
7 969616114οι,6’ 9691116 841,5 ι ¹ putida 705‚7 ,
pugnax 387, 4. 768, 9 puppes 466, 16 ’96666666 458, 1
9696667155 , 1169917966 96116161 6457

''²''

 

