INDEX

158. 456,1.,788 14 6676115110 111116 846
1111867, 8 6117111161, 11 1111111161 849 ς
’.8111116181 766181, 61626ξῖ3661.. 71, 1111111111 ⁷⁶⁷ 6
1111115865 111575 4 11111111154,1
11107561 1161111815 Atti 606, 5, 855,6
mum .5.55,6 555,7.766,111115185’54,7 11. ·568, 1116157148

5 7 450,11. 716,5 6111111164
11655,10 11111486, 5 1111511151, 1
81111611 575, 5 11111681 846, 5 attineat 614, 7
1111116111 581, 10 1111111111 186, 4 attinent 81, 1
111111 845, 7 11116ςὶ111477, 5 11171111 551, 6. 445, 5
1111111515,51815,7 1111111111, 5. 65,1 1111518165
111111111151111 1111111555, 5 1111111654, 7 annuens, ν. tollens
11611585, 15. 745, 1 astutum 556, 6 111111111818,4
Arum 585,10 1111111684, 6 attonitus 511, 5

- ,1611117851 1111611111 566,6 1111114051

18171611 58811 11111110606,1 111111417, 5. 751,1
11711151, 5. ’.710,8 887, 1111111,1 1111111866,17

11. 851,4 1111107, 4. 546,5. 458,5. 111511 154,4. 646, 7. 511,

11111818111· 1111· 8611
818, 5. 8645 1116111855, 1 1111111717 5

1171111156, 1· · 1116111861, 5 avaritiam 547, 5. 575, 14
11711111115,6 6161165157. 714,7. 851, 11110558 ,4. 7546. 865,
’ 117111111111151,1 11 8
1171111 1114111111 141, 6 1161111111 855, 1 mrum 514, 1
117115111551,1 ,111111111115μ 1111611151 415,5. 514,
,171111116115581 Α161111111111,1 651, 4,5. 741,11.
1171111446, 5. 451,5 111111ιί1411 81111. 841,1. 879⁶
’,1171111118156 1151114775. 515,6.711,11111716551. 515,7
1171111116841,1 1. 811. 11611111 651,5
11711111111454,5 11511155,5.111.1 1116811 11, 7.108,7.171,
11711111777, 8 1111114,1. 1458. 557,1. 1. 551, 6. 8615, ,.5 618

5551771168 48.·.111υ1 1··611.181.1·818.
1111767511 , 11161111111111011111161,1 11

117111815 4. 8154. 846, 1111108, 6. 408,5 111801111708,4
ς. 861, ς . 11111111851,11 1168111156, 7. 514,5
1711111 6851 11111101, 5. 505,5. .656,1 1116101111 554 10
11711181, 6 , 1111116145, 7 1116111570 10
117111111 658 11 ,8111111111 756 7 audacem 847 8
11711111756,6 1111111164,1111111518,1.567,1.518,
aspicit 111, 5. 461, 6 Atreus 885, 4 11

1 1171118511 . 11117155 1118111188. 11. 51,5. 165,
,61811κὶ 474, 1 ’ 11117557 41545, 8. 611, 7. 651,
1616111111551,5 ·Atrid264,8 4,11. 855,.85 55.
1811151510. 811111. 511, 1111111765, 5
7 6111611656, 5 1111616146. 755,5
111111110111511,5 11111 155 8. 451,1. 6186. audeat 556 16458
1186116511 761, 4. 805,7. 811,7. 1161611811,5 865,15
11611111 511, 11 511, 8 1111111875,10
11116111418,5.451,5 11111111144, 6 1111111751, 5
111111174511 11114551. 450,1 1161157511. 7454866, ξ
1161114785 1111111151,4 8. 881,11 ,
11651111818,6 11111655 5015 1111117511.511,11.841. l
11111571,1.67·5,6 1111111141,1. 61518 75, 5. 846,.1 854,11. 516,
116111ἱ111111ῐ111111651,1 5. 511, 15 4
1188111111 8818114 11841116· 101· 1··111 3

18016184 · 1115114558· ι 5..785,1 1146111. 7
1611116545 1111111115, 118851

16111111611,6 Αιι1111116.4,7 777,1 1111111540,5
1616118746 11111111614,11 1111111588

1111111111 751,4 1111111111 615 5 ’ 111811115611. 511,1
affusum 574, 11 11111111 857, 14 11611611571,5

 

