111011, ’ ¹

1. 4⁷1» ,3 ,1,,1 fessum 110413,4113,6
femur 313, 5 8886014]6,8. 508, 3 fige 307, ⁶
fssflssstmwss Ι feffum17821· 586, 8] 85883393
6111691. 35610454, 6. 6161113551. 5585 fiturum
⁴ 481, 1 61611391,1. 460,1 6501118418
6111194, 1. 1541. 385, 1. 6661118487 611161,1
448,11. 588, festinanti 514, 11 filia 61, 3. 67, 2. §onst
11011148.. 1110101110 1116
6111611184 festum· 112, 4. 739,7 filu: 348, 3
semum 540, 5 festinat4o6‚4. 736, 7. 140 6111114496
’69111445 12 16.801,4.860,15.836,1 61811111 38,6
61011101. 1⁷ sest1⁵43⁶24· 6111 8⁶9·²¹· filiu· ¹³· ³· 222· 5· ³50» ⁸·
8111161111 811. 8· 81311 1811. 5¹2, 14- 111. ¹·
ferentinum803‚8 6118035111· 421 ¹² 54911· 6491 ¹7· ⁶⁶⁰⁵&
feri. m. ,1,,1 1160151. 7· ⁶²929 ⁶8⁶. 4· ⁶97» 1³· 111. 1·
{eriam 7, 5. 198, 5 festum ⁶3²²? ἢ 901, 9
feriat 711, 5 festus 186, 3. 305, 5. 317, 610851, 11
seda, 1111. 385,11 , ’ 9. 749, 5 61161114, 6
feriat 618, 10 61617116 findet 685, 9
feriatos 388‚1 661876, 14. 901,9 6160018078 .
6161001113, ς fiai· rerum 711, 1 61611406, 10
6011111597 66818554 6160114743 .
6111011189,7 66011 536, 6. 893, 13 fine 77,1. 118, 5. 711, 7,
6111111145, 3. 369, 8. 379, 6116359 81810
1 6101101585, 5 fines 316, 5. 510, 7. 514, 9
ferocior 141, 3 6001485, 1. 591, 3. 760,3 570, 1
remma 559, 1 - 663 conjuge 843, 1 61131884, 5
6110141, 1. 160,11. 745. 5 fue Teii, i. 1. 160168 73, 6 6113111374, 1
8116116, 1. 61, 1. 1191. 6616118111473, 7 6131101873, 8
131, 5. 168, 3. 154, 5. 6611134. 181, 5. 4998 fingere 551, 10. 794, 9
816868681ξὸ3ξ,99 88ἰ81880188ἰ16838751ΐ6. 691, 61Ξ8166111611691868311ἴ1 8
6111111417. 10 4 6131111904, 9
ferratos 550, 1 fideles 901, 7 fingi 901,1
'feno 197, 6. 349, 1. 381, 66161483 6113617493
10. 387, 5. 444, 10. 486, fidelibus 6,1. 384, 1. 888. 6131011776
13· 524· 1· ⁶50, 9· ¹5· υ, 6101616
Ι 656, 4. 708, 3. 868, 11 661111 651, 8. 856,1 6111601164
. 641109151,].135,3 509, 6. 6616101814,11 61666731
1461. ⁶5o.12·⁸992¹¹ 661111. 5· 7111856111 611111. s· 1606 11118·
fertile 373, 6. 674,4 876,14 663,6
fertili 173, 1 fidem, ἱ. e. 1110161111 9 5, 9 6111111866, 6
611611601111,4 6161107774 61611191. 408, 6. 490, 7. ¹
6116613146. 49811 6611111691. 13, 7. 569, 4. 7¹⁹·ss-
6111111151,4 6611008159 31,1.841,13. 909,1
6111111678, 5 ’ fidentes 155, 11 6166011480, 1
7104696491 6611 78, 5. 95, 1. 1331. 616600033611 ’
(adet 366, 7. 717, 5 116, 1. 311, 5. 338, 8. 61661801. 8696
fervida 490, 3. 717,3 384, 6. 501, 6. 716,8. 6111011431,11
6111664153 808, 3. 810, 6 61111011546,7
fervidiore 468, 9 6611634, 8 · 6111661770, 8
fervidis 3, 1. 33610· fidibus 50, 7. 10113· 135, 6101111711
6111ἰ60,39,3 , 4100, 8. 158, 3. 400, 6111101381,11
(tumemus 6· 743, 8. 846, 3. 879, 6111114793 ,
fervidum 428, 13 6. 891. 14 6111101418,1.705,11,807,6 ,
fervidus 116, 4. 509, 5. 881, 1 661110 375, 1. 389,1. 811, 61411, 1. 871, 1
ferula 541,4 10 6601171,6. 311, 9. 363,
6110111844, 6 ’ fidi· 616, 1. 768,9 8. 410, 4
servor 70, 4. 615, 9 66611116. 811, 7 611586, 5
ΐ16191111843,4 66661, 6. 335, 4. 810, fite 447,5
61611 161,5 10 6111714, 5 ·
6166 568, 1 6601750, 10 fixum 667,1. 800, n
{offis 164, 5. 3031 Ι , 6610113764 6111616151

 

