INDEX.

76166 346, 9 moram 763, 7 ' 678, 6. 776, 7. 867, 3
6767867 337, 3 7776777667 487, 76 776767 789,9
mollibus 794, 3· 363, 7. 776776667897,6 777676.7678,4 ’

437, 3. 4667, 25 8 morantem 39, 3. 773, 7. 773, 9333317173 a: 366383. 347, 7
8688118ῗὶ Ziza: 93⁵⁴ m0³r=n1ur726,uo. 743,7 mortales 262197. 373, 76.
mollis 66, 7. 473, 7. 484, 3 6767777793, ιο. 776, 3. 783, 767,Ι 7 ·
6761ῐὶ777 76677676 677, 7 ιι 7776777177 878, 3

4 7761Ιὶ67469,8 6767767463, 7. 837,9 mortalibus 19, 9. 397,ς

876116676637,77 6767774773 , 76677767 336, 7. 473, 77.
6611667863 6767777967.7 > 869,7

monitu 593, 8. 668, 3. 637,9 moratur 787, 3. 967, 3 7667776776 436, 3
87666777677 7776766 736, 6647, 7. 667, 776777 747, 3. 787, 8. 364,
8176877677 4· 7²7·7· 7767 ⁸· 7677· 5774
momenta 773,7 morbo 746, 7. 373, 3. 646, mortem 76, 73. 396, 7.
6667667364 3. 649, 76. 637, 3, 9. 377,7

6667663667 734, 8. 767,7 moni 768, 6. 763, 3. 476,
76667676767768,3 ’ 7767668478 73. 663,7. 877, 77
86677667733 morbum 364, 7. 797, 7. motti 6767763376

· 7776776696, 76 , 863, 77 monibus 646,4

67667776 874, 9 7767667 negiu» 913, 77 moni· 77, 7.,333, 6. 334, 73

monendo 963, 3 mordacem 864, 8 633, 9. 876, 84 974, 3

monendus 733,Ι 77 7776767677 76, 7 mortua 696, 4

monet 76, 3. 77, 7. 783, 7.· mordaci 387,3 7666667494,-76

ἡ6369678773776777ςιῒ.18776666776· maffia 6888Ἓὲῗῖ 13184, 8. 436,9.
777 7777776777 5²52 ¹0 55²» 9· 5⁷5·ss

77766767 8736 6676767374, 3 397, 7. 769, 76
monitoribus 866, 74883, 77 mordet 779. 3 Musehi 749, 3

monitori· 874, 9 mordicus 388, 73 ’ mota 394, 7

monitu· 676, 6. 743, 77. 76677ηᾶ68636 motum 746, 7. 897, n
mom 198 7. 78, 74874 ωᾙ3818680663938688 ἓξὲξ 1.· ἓῗιοωιωι787678384367. 7
munsture 863, 4. 876, 77 767,4 , 77767777ιυί676 887, 76
monstrum 776, 7 more sentum 346, 3 notun, 78 fi, incestus414‚5
6666777474 morem 767, 3. 737, 7. 364, 66777677884
7776667777 via vite est 9ο8,7 77. 334, 3. 678, 77. 843,4 move 473, 7
66666ιᾶ8669 766777 §tm-7⁶⁶2 9. 877,7 6677773778

Α

7666677766 678,7 monti· 16158 moveat 676, 9. 636,3. 7473 Ῑ

monstrati 378, ’76 mom 768, 7. 368, 6. 379, 6. movebat 97, 3
7766677787878,9 366, 7. 338, 77. 763, 9. novena· 487, 3
76666676937 776, 8. 737, 6. 876, 7. 7667777686,3
monstris 763, 3 834, 3. 883, 3.ζ887,4 7667767676 789, 76
6666673737 ‹ moretur 744,7 67677667764,77.777,3
monstrum 747, 7. 387, 7 mori 746, 9. 747, 3. 796, 7, moventis 746, 3
1707873665· 49³· ¹¹· ⁸3¹· ⁶· 3052 7· 3¹9· 7· 777. 8· movete 4767. 39779677

7 · 349, 74. 363, 8 7667777 loco 77767 honore in·
nontu9‚4· 789, 8. 366, 3. mori 3776 paula dulce 77 de· digna 863, 73

693, 7. 796,3 76767678746,9 movempraeurdaoq ἱ
67667677676667, aze. 884,3 766677 366, 3. ’ 867, 3 moveret 377, 9
777677ιί667 97, 7. 774, 7. 463, moribus 746, 7. 336,9. 8777 moveri 373, 3. 893, 5.

7. 485,3. 854,7 moriemnt716,1o movesii914,8
7667774784,6 6667676374. 863, ιο
’ mondum 786, 4. 378, 4. morietur 863, 76

336,8 67667673,7 “ movendum. 977,7
’76666674967 6666675974 , 777667763,3,4.794,4488,3
monumenta 76,3 moritum 767,4 7776734. 77, 8. 749, 7.

76οᾶ6677766 339, 7. 3873 676767 776,7. 349, 6. 793, 778, 3.· 787, 7. 3369.

6766767067· 787 3· ⁸⁵s·4 ¹ 37625· ³9²·7· 51⁶·9·
morabem 883,7 morosum 633,,3. 7736

morabitur 673, 6. 888, 77 morosum 696,7 Mucium. 867667
76677667 733, 3 mon 22, 7. 777, 9. 346, 76. 7763777 337, 73

mma 3333 348, 5· 50⁶, 7· 3337 4·¹ 18881888ΰῦϋῆ 8 .

 

