l

⁸⁸- ‘

INDEX, 816.

511,1.Ι 548, 9. 55198681 814, 3
6615, 6. 613,1. 686,1.16661111111111111964,11

881, 7
161161616457, 5
111181· 693, ιο -
acerbi, 816,7

16161856, 3

1186111896, 1
16611889, 7

1686111656, 11

1661666111 796, n ’
adduxerat 715, 7
1666161416, 7
46611111ιί6 v· adduxerat
adempta 490, 15
1616171116 185, 7. 877,1

acerbum frigus 867, 11 :aas pro appulsu· 181, 1. ademptus 164, 47

1111861537,11. 914, 16 461, 11

161111 356, 6. 558, 8. 5764

1111161611111116116 7145 nllus proparlibus fabularum 9

1απ116111111185,1 883,4. 896,3
acervi 831, 11 acuens 183, 2
1111116 569, 1. 516, 8. 634, 11681744, 7

5. 869,4 1111181111
acervos 158, 6. 684, 5 11111313. 9
1111115161 649, 6. 755,4 acumen 781,4. 964,6
acervus 516, 1. 746,1 “1111111ἱ111868,1. 8455
acescit 746, 9
11111614, 16 acuta 111168, 1
aceto 585, 1. 666, 6. 718,7 1111161611 158, 1 ·
acetum 649, 11 acutas 136, 3
Achaico 373, 1 acutis 533,5
Achaicus 66, 5
Achaemenes 196, 9
Achemenia 473, 6
Α161116116ῐ11111144, 4

,8161161111 19, 8. 151,7 1161161111161 533,1
Acheronllae 159, 5

Achate 1,.. 1

754, 8. 811,9

aderit- 317, 9
161· 111. 1

161861 3 56, 6
16181 891,1

y 1618611696, 4

1616163, 7. 1356, 1. 615, li '
⁶932 4

111111 356, 1. 381, 14. 488,5 16161448, 9

1661111161 477, 6
1161111111 619, 4
16111161 686, 7

1661361351, 4

acuto 38, 4. 129, 5. 651, 9. adhibebitur 891, 16

adhibet 585, 6

nutum 596, 5. 656, 11. adjecere 859,1 ,
773,1. 89916. 963,8 1631661176, ι

16316ἱὶ 868, 4

16 4, 1. 5, 9. 91, 6. 114, 3. 1631611167, 1
165, 7. 398, 5811. adjiciant 393, 1

Achillei 66, 4. 488,9 16,1’.1.4169111716,1 1616116861,11. 819,1
Achillem 763, 3. 117, 9. 16, in. usque 16 441, 6. 1681611 658,1

583, 3. 881,6
- Achilles 386,6 1666461513, 12
Achilles 01161 iratus 858, adamantina 17,6

. 17 161111111ῐὶ1161333,3
Α111ἰ1ῑ736,9 · adhibe 741,6
Achivis 388, 5. 655, 7. 831,7 addam 515, 7. 641, 11
Achivos 151, 8 1661111 358, 4
1111611617, 4 allas, 816, 4
1666618617
11611166, 5. 611,7
acinaces 102, 5
1116111766, 11
1119166111617, 7
11911ἱ1111877,3 .
1111664911

' 709, 9· ,75714
1661 quod 183,4. 711,5
1661 huc quod 515, 7

addens 655, 7

516,1. 511,1..516,16 1666161318, 6. 666, 3

adimunt 97, 3. 888, 9.
1661681, 1. 866, 5
adire 646, 6

alito, 696, 5

aditure 176, 1
1611111597, ι

16718167, 5

adde 183, 4. 511, 4. 633, 163116ἱ111813,1“4 ·
7. 645,1,1. 664, 8. 669, 1631116618588, 11 .
8, lix. 681,·8. 766, 131 adjungere 661, 3

adjutorem 596, 1
adjuvat 689, 6
1616116751, 1 .
admiror 551, 13

1111611131. 511,1 1661111693. 786, 6. 811, 6616618735

11114111. 41111· 111. ⁵· 3514

9. 583, 11. 716, 11 16611679, 3
acti 49, 1. 145,1. 661, 6. addicere 691, 11

678,1 1661686111 488,6 ⁸
aeria 699, 6. 714,1 alliam 715, 8
acrior 116, 7. 176, 1. 457,1661661149,1. 891,11
1. 581,1 16663116
11611141. 536,4
41116163945
1118111816, 7
1118611117, 11
11661 518, 7. 647, 7
Acroceraunia 18, 3

alla 888, 11
alle 136, 5

3. 788, 16
1666111666. 176, 3
1114661187, 1. 131, 4
additus 166, 1
1666111 756, 4

·16666”1111 554, 13

11111116 , ’ a
4611.816 adducit 766, 7 ¹

th

1611118111 1.,8, 1
1611119166, 1
1611ῐ11ῐ1611161657, 5 ·
admonuit 581, 1
111611111816, 1

admoves 317, 1.
1666111845, 3

16611569, 1. 651,11. 697, adoleverit 594, 6 ’

1663111757, 5

ador 761, 1 ·

169111 386, 1

adposcere 863, 1

adrasum 764, 5
1161611991. 196,14. 814,

1666111116111181611116475, ς
’ . Α61ί1 17, 5. 116, 7. 167,

1· 156, 4. 346, 10

 

