stdtdano 673 4

adsciscet 864, 6

16111181 133, 3
⁴ adferipfitssrs, 4

16111693, 6

1661418, 7. 868, 3
⁴ ld‘tl 86⁷, Π
“stu v· {stit
2dstfdffl'v· istrdsto
1661161611, v. 16τί66111
adſtringitur 6. 1611631611
adsunt 886, 11
16111116433, 13
1611111161 633, 1
advenit 339, 8
161161661434, 9
1611111733, 1 ,
adverse 111 716, 3
adrerum, 11. aversam
1611111611 398, 8. 814, 3

“ 16111111 314,1. 637, 4. 737, 1811111391, 11. 366, 4

8. 876, 3
1611146 636, 7

16116664331. 731,4 AEolider208,2

advexerit 631, 7
adulta 146, 4. 4365
1661111346, 1
adultere 131, 6
adulteretur 483, 6
adulteri 466, 3
adulterit 369, 4

16611116 116, 1, 138, 3· 3151 equali 334,8

1116111161 63, 1. 178, 3

adulterum 448, 13
1661116 376,4
1111611111 466, 7
adurgent 140, 8

, 16611446,1
adurit 104, 2
adusque 11311. 368,3
166416 711, 8
1664161719, 16

adytis 67, 3

AErci 319, 3

AElsum 200, 61 3973 S
aede 663,1

· 811111641111111 ’

aegrimonia 494,4
166η61
1141117941
nmwmm8
111111551114
13161111 668, 7. 766,1
11316111 373, 3. 768,6 11111771. 8336
tmwmurms wtmutuuu
ummwmuffi mrwuw
8, 841, 3 837, 1, 866, 18. 87411,
3113141 ’ 873, 11
Ε1111116111873, 16 111111 117, 3
311611114911 11111338,1. 684, 31 741,
1111611486, 3. 816, 3. 891, 1. 733, 8. 8391, 1171

1ἓ11 19, 6. 611, 8
att 68, 3. 39433ἐι 33433

7511 ¹⁰· 7

903· 4
11111 143, 7

tratur 117,1

1
emulari 366, 1 111111ἷ6333, 1. 9611
:muli 364, 1 1116611111 838,1
11616161 316, 6 111 16, 7. 338, 1
AEnea 688, 3 Ε11117161843, 3, 897, 3
AEneae 388, 16 1416116. esculo
AEsopd 666,3
AEs⁰dm 83717
1Έ19611111, 68831661

114111 391, 3
1141111111 71, 3

1111161634, 4
1766111 466, 4

1766661668
AEolio 374, 1 1161111673, 1
AEulium 361, 1 1616118197. 13111
11961118, 7. 146, 9. 838, 1141111916

16. 873,16 1111111111 749,7
1961113391 1166111791. 73911
aequales 33, 4. 471,13 11116111 167, 7
1166611486, 16
1196116139, 1. 633,1. 873, 11116411 118, 3

16 11866111 89,1
11411661 177,4
11116611 439,8
11861716- 11111· 5¹5¹

wnmumw
11461681. 116, 3. 184, 1, ,11, 1111116111 6319

3. 716, 11. 111. 11. 733, 3 11111 1111111887, 14
equ} ⁵390 8 28134811 8741 ⁷⁹ lm·
aequrr 631, 16 166, 3. 1899. 408ι
ε9611111111111894,16 417, 1. 479, 3· 18113·
196611, 1· 111, 4. 161, 8. 334, 7. 676, 7. 41111 ‚
2q{{⁷:dim0⁸d‡3‚⁵, {gut 81117, '⁵¹²'
11966 Jove 836, 3 retur 46161, 1. r· 1178418814 1

1196111167, 3
1117611341, 1
1196111836, 1

1161111 116, 3. 113. 4. 861,7 14661 33, 4. 66, 8. 116, 1. 11111116611111618763 1

11611174, 3. 767,4
11611161 764, ς
1611111611 664, 8
adificare 661, 3
1166111668, 8
1611111733, 11
8188816656, Ι
1611661831, 3
ιἘ316114,’1

, 6631161338, 6
1831611777, 12
11111631, 8
1831111319. 3·
6141111639. 164, 1
usswr

mwvmmrwmfflwr
6 11111111 168, 6

1191161113, 7. 61, 3143, 1. 1111111413, 16

337,1. 38316. 483, 8. 11111111 191, 3

num mmmmA0ffl4
11911611 16, 1. 39, 3. 466, 4161. 774174

1. 66111 1111111131.ι
oequoribur 381, 4, 398, 3 11111111 19, 1
11966111131,1. 347, 3 AEthiopt 176,4
1916617831. 863,3 1761114964
1191611111 311,4. 336, 13. 4811161165. 8· 9741Ῑ

337,1 · 7816111813, 3 ι
14111136, 1. 317, 1. 336, aeri 191, 3· 701180· 3¹⁰

uww·mw⁶m uum

7. 733,8 616344· 15514· ¹¹⁶¹*

 

