1100110101011 01101011. -

01113111 830,ι munde 3 34, 6 mutabilis 869, 3
00310011181 0011130,7.133,3 336,11, 1001110111 116, 3
nult 338,1 34ο,8 01011061911,3 ,-
mule 338, 6, ιο mundior 704, 6 mutandus 791, 3
0101111 196, ιο munditie 843, ι 01011111 779, 1
0101011830, ιι 1000111111 13, ς mutantem 733, 1
11016111 4833 > 1000101030,11 00110101877,8 ‚
10011 361,3 . mundun 630,1. 747, 3. 814,1 1110111170, 6. 114, 10. 119,
muliebrem 484,3 1110011176,4.107,1.134,1. 3. 00,1.-781,1. 8104.
‘ 1006111111141,1 193,1,311,1.413,7.470, 8861
1101111141,6.131,1. 181, 0691, 3. 731, 3.833.8 1001011180,3.704,4 ⁴
9. 304, 3. 333, 1. 434, 4. munere 106, 3. 368, 4. 807, 1110111704. 391, 7. 441, 4.
Ὶ116, 1· 471, 01601· 6· 615, 1· ⁸²²· ¹· 61111 1411166617· 16611,
689, 3. 708, xc· 71118. muneretur 431, 11 711, 4. 733,1
813, 4 muneri 393,6 1001119011111110100611733,11
10011010110146917 0100111601311, 1. 364,1. 1110111113, ι.133,4,813,ι6
1110111860, 13 40311. 404,1. 413,7. 010111110111310111701,3
0011006161 3839, ς97,1 1001111136,6.446,11.711,
10010 378,1 0100101374,10. 393,’6 4. 7744
mulso 673, 3 1110011010 394, 4 , 1001111071111117. 307, 8. 3433
“ 1001114113. 13, ι. 111, 3, 0101111167, 1. 630,4. 631, 1001110311, 91 ·
{gt 47: 437616ἰ’96’34336,869ο 100561108166964 “ Ξ666866112660601, 1131, tuq
1011111 dies 898, 11 munierant 309, 3 ruptum 619, 6
001111110141111. = · 0100161010311,10 1001110110110111887,8
,110111 cane 433, 9 Ι100οἰ11 340, 1 1001001404, 3. 661, 4
1001181001 110111 606, 3 munite 331, 4 1001111111 718, 8
100116 fruge 796, 10 munito 8 38, 6 0010114641. 8410118781
0011871111 33511 munivit 300, 3 mutem 799, ι
10011811 1018131 100001 149,1. 439, 7, 430, mutet 418, 14
0011491101. 136,1.116,4. 1. 831, 3. 899, 11 01011101 361, ς
173, 3313, 6, 7, 403, 9. munuscula 761,7 1001193748
40517· 460110· 655113· ¹³⁸¹2⁰⁸7¹727 M⁰t¹u⁸⁷54020 86611
363, ι. 609, 8, 636, 3. 1101101 361,1 1110107631 ,
' 737,7. 736, 6. 831, 4, 8100013107 100101136,3
· 878, 3. 888,8,9 murem700,6 » 1001017666
0101118110101011301430,10 1001116603 = 0101061904
111011110Ιὶ1111114019011909,9 muria 676, 8, 719, ι · 10111111 363,1
multe 316, 8. 763, 8. 799, 3 1001111118, 4. 674, 3. 868,7 mutuis 196, 3
,1001151001 rerum 838,6 mantibus 471, 1 mutum 339, 3
multi 137, 3. 189, 7. 401, 1. 01011169, 10 10010010 477, 10
551, 1 1001111011 130, 1. 773,-6 Μ711111130,4
1001111934. 181, 3. 197, 7. 010101 388, 11. 737,1 Mygdonia 197, ι
3131. 378,8.687, 6731, 100101 136, 6. 891, 7 1639101011 313, 3
...18818 8888183, 3:53320‘331“3⁷²⁹’¹⁰ ffi”?2⁶³⁰2·⁴
1 · 1 · 1 · · 1 t
317, 3. 413,4. 306,4.100111311101111909,3 01311011791,3 ,
,181181..,...’““811.1.1’.ΐ·.’1.”;1 888 1181111 ⁵³
³ ⁶4⁶‚7· 661116 1111611· 1616 14119· 6116616111
100118 1111001 807, 10 768, 1. 841, 3. 879, 6, 0711011431. um
0101101001 398, 3. 737, 3. 8831. 01,6 Μ7101001488,3
, ,8833 1110119111 1169118 8176101837
1001101 ς, ιο. 370,9 01011,71171.0111791,3
0101101097, 3. 349, 3. 478, 10011 48,11

8

1. 489, 6. 336, 1. 384,3 1001101190, 6, 8103 Ν,
01013010 688, 8. 690, 9. 743, 1111100133. 1. 833, ς ’
11. 737, 1. 881, 13. 894,1 1011111 113, 4. 311, 1, 831, 1
10011101 10116308 1111110771, 3 1111113348
0011000111903, 16 01061100,1.401,4.861,3 01811983
1001101738, 6 10081111 761, 10 1116107 793, 1

Monam· 743, 2 101111 638, 4 66616150104611117318
,1661661161 11· 74111 0101816017 11011,101.7111.137,3

 

