voclnun‘nnnn 09191991. ’

1. 768, 9. 879, ιι. 899, ‚ 1. 178,1. 515,1. 414, aniles 7695

5. 999,6. 91914 6. 479,ι 1911911, fing. 16, 6. 51, 1,
19911ῑὶ15547. 9195 191911 dare ludum 199,1 119,1. 19145
amicitiam 559, 5. 681,5 19611691891. 196,4. 547, 1911911111.9111.561,5
amicitias 779, 1. 887,15 6 ⁴ 1911911Τ1111111499-,1
amicitias 511111 148, 1 11119111 poculum 447, 4 animalia 559, 1
- amicitur 855, 19 1991994186 “ 191919199617ζ1
arnico 189, 5. 595, 5. 517, 5. 1111111145,4 1911111144, 4. 589, 1. 791,

547,15. 551. ιο. ’5698 1111019598,7 7 ,
amieo 1194911 6955 1919111979119, 859, 4 animi fing. 155, 5, 3⁶va
· 1911191919, 469,1ο. 5551. 1160111411, 2 548,1. 146, 7., 656, 5’

575,8. 851,9 Amphion movit 1191111111-1919117111.875,5 ’
191119151,5. 171, 5. 469, nendo 194, 4. 997,6 1919111495, 1. 759,4. 771,

4. 515, 4.Λ 559, 1. 5151 Α91911199111111111111815, ι 8. 816, 9. 894, ιο. 995,

ιο. 559, 6. 611,1. 756, Α9191119911811, 11 7

19. 7146 49199111511,9. 87411 1919191975. 2¹64, 11, 595,
’1191611198 19611 amphorem 11611 911111· 1191· 119.
1111968991 895,6 amphoram352,4 4. 787,1 ·
umidus 11, 1. amphoris 451, 5 1919911165. 597, 1. 554,
19119191895,5 1919117954 16. 5886. 811,1. 888,
11911991αῷ18. 795,1 ²ml¹²¹514v¹ , 15. 991, 1. 998,5
amicum id 178, gruum 119, 1195111611 891,7 1911991191 81, 1. 585,5

4· 280‚6· 3991 19191161191515,1 . animosus 190, 8. 157,“1“1

1919191164.169,4.465,191911744,11 1919191791. 891. 151, · .

9· 116» 11· 11111· 111. ampliet 541· ¹1 4· 191. 6· 1991· 311.
11. 595, 5. 685, 5. 7991919111579, 19 5. 568, 6. 581719. 559,
7. 719, 8. 91919 1111911111 59, 1. 490‚1· 519, 1. 554, 8. 651,1, 647,
amicus 100,1. 175,1. 461, ’11. 515, 7. 691,4 1 4. 6845. 799, 9. 759,
4.> 485,6. 5194. 555,11991991195,6 5. 741, 1. 865,11
9. 556,15. 557,11. 558, ampullas 88ο,8 , nmmum 199919 817, 11
8. 555, 5. 569, 1. 618, ampullatur 745, 16 19Ξ1991167,5.111,5. 578,
1· 191 ’ 1919111191 Ι1919991999111.
1118116894 Α9179111471,8 6. 5879 587,1ο. 611,
1911891179,4 · 195811111714 1. 7149719, 8. 741,
1991145511 19 51, 5, 4, 5,611. 1. 887,14
1961615195 Α9111199499,1 19199119991779,5 Ι
amne 589, 1 Anacreonta 476, 1 animus non le e'll'uglt unquam
1911111151, 1. 556,11 1911711616, 6. 685,4 787,19
1919191695 Α91111111591,1 1919191911ιςιὲ111,781,5 ,
1111916ῑ9, 1. 864,7 119111119414, 1 > 191919189111199111119111116.
1111111119,19.119,5. 566,1111”1119ι919168,54 Α9199111119151,1 , ⁴
5. 615, 5. 759, 11. 8781 1911111515, 11.,,814,14 19916991686, 3
1919 518. 9 , 19111111 161, 5 19911111 794, 5 ,
1191191788, 7 ancillas 651, 8 1991, geninſsng. 403,3
119191 169, 7. 158, 6. Ancus 591,11. 754,7 1991111.91...195, 1. 651,
Ι 797,4 Α96.9911811554,9 9. 85915. 888,8
19991771,1 » 19598155 Annibal 380,9. 481,1 .
11119911 751,6, angiportu 98,1 “ Annibalem dnum 194, 1.
19999115191874,7 angit 659, 1. 859, 10, 881, 179,6 “ ⁴
amoenumLucrctilem7l‚3 9 Annibalis 596,1
11119159,4. 78, 5. 98, 4. angue 805‚9 1119115965. 577, 8. 761,
115,6. 161,5. 598,5.19991111889,5 , · 11. 851,11. 887,5
511,7. 756, 8. 499,1.1959ἐ1195,1. 196,4 19991191. 186, 5. 517, 5.
1191· 469. 9· 1891· 1116111111ο . 1191· 1191· 81619.
517, 7. 551, 11 1959169119117 851,4. 8 Ι 5
” 1111911194,4. 451,1. 467, angulo 49,6 199991 amicerum 11111 est
3,4. 553,11. 646, 5. 1959191171,4. 691,8. 788, 785,1
619,19.661,1.665,19. 19 1999918998
5556. 999,’7 1959617694 1999995691

,1991119476 5. 477,19.1949111·19145,1. 761,-7 19991168, 5. xlm. 519, “

515,1. 751, 7. 756,1.19191111“199,8. 586,7 1. 4ο7,4. 414, 19. 491,
. 9¹⁴»5' . 1999119 6894 ’ 4. 64915. 85919854,
· 1911111 59, 8. 1858. 191,199119966,1 6. 81615419

 

