Vuennutonun 0111111111. ’, .

1114111114 147 11111114848 « 111113111881, ἢ 1
1114111111 857, 9 11111113947 “ 11111161 13, 6
11111111 340, 3 insuunt 134, 1 11111817148. 889, 9. 893, n
11111111 1641 insumebat 91411 , 1111111111860, 13 ·
111111 44 insument 6541 intestabilis 654, 1
111111 5549 insuper 679, 3 {ntimo 4ο, 5 1
111111 431, 1 insurgat 46517 11111111 ’434 5
1111111111111111887,131 iuubuiss'eut 444 6 11111111 111, 1
11111111 534, ι “ 1111111 6844 1111111111 477, 9 ,
168111 5144. 53453 1111111144 1111111841. 7643 ’
1811111111 684, 8 intactas 4641 intutu 1114 6 ,
188111 7111, ιο 1111111 6ο9,3 inurit 478,6
1118111447 inustis 331, 3. ’8448 1111111111618,13. 7948
16311 149, 4. 3446 11118111347 11111114444 ’
1141111144. 115, 5. 119, 1111161111 456, 5. 6147 intulerat 1641

3. 3145. 6647 11111111111147,1 1111111118,1ι.486,6.844,3
1163111 19, 3. 141, 1 integer 166, 4. 220, 4. 6141 intumescit, 4848
111311 541 1111311111111 638,3 iuventte 539, 7. ,4413
1113111 6644 1111311νὶ11 88, 3 1111111111 869, 6

1113111111 445, 1. 7ο4 11 1111311111111644,4 1111111111 5541 ⁴·
11114111 617, 8. 9ο8,4 integrato, 8.· 1141 Invenient 95, 5
1811111 9141 1111411641 11111111689, 1
1611114845 1111411141. 63413 111111116841. 8446
1111113744 111131138411 11111181896,8 1
1161111 431, 9 1111411149, 1. 384 4. 633, 1111111 4ο, 7. 8444
1111161111117845 3. 6748 11111111 {⁸⁸23
11111111 13, 8. 7ο, 1. 181, 1111111311 77ο,1 11111111 6941.
8. 37413 11111811 7345 1111111ιὸ144
1111111111111641. 3348 11111113741 ’ ,1111111119147
11181111 159, 3 11111111114, ς 1111111118111468, 8
1111111111494, 6 intentatum 898, 3 11111111 168,1
1118111376, 4 intentu· 9147 1111111463, 5
’1161111111 89415 · 111111181111671,4 1111111111 436, 8. 3143 ’
1111111111 181, 4 - intercinat 890, 3 invertimus 335, n
1161111 1345 11111111111111741,4 , 1111111111 7144
1119111114141 1111181ἂ1516,7. 738,9 1111114944334454338 ¹„
’1113111111 575, 13 internicio 658,1 1111611 881, 9 ·
1141117346 1111111594, 111181147411 .
1119111713, 5 1 11111111911381,1ο 1111811351, 146147. 7141
1119111111515,11 intererit 8946 1111111314, - n
11111111 105, 1 ’ 11111111111111111111881, 13 11118148, 1. 3944. 773, 3
111811ιί119141 1111181647. 3949 1111814543
1111111384 ,6 interest 51411 invitant 516,11
1181146645. 5141. 394, itu-crtus· 641 11118111574,11. 3948
1· 6943 2 111111113148. 4343 invidenda 189,3
11818117647 . 1111111181113148. 4343 11118118111445
111181161411 interimit 6547 111181111444 -
1111111 5144 inuniunt 1141. ⁶952& 11118111 8144
1181111116 ο, 3 11111111116,8 11118111141 ·
11181111 178, 8 1111111 8749 4 1111813173, 3. 368, 8. 789, n
1181111111489, 6 interitu 885, 7 111181 336, 6 ,
1181111874. 11 intuitum 913, 13 1111811344. 536, 5. 371,
1181111845 1111111111391,6.· 398,6, 6611, 3. 739, 6. 741, 13
institutum 344.4 ¹ 1111111111-98,3 111181169411. 8114 to.
111111111694,3 11111111111 447, 5 841, 1
inno 741, ιο 11111111111116149 111181111639, 7. 818, no
11811111894 3 1111111181 361, 1 1111117144
1181116111 8143 internoscere 910, 9, 1ο 1111813743. 3849

11611118443 . , 11111911111813949 11118111 311, 1. 717, ιο. 746, ·

11811111115444 1111191111ιί1 743 11. 7941 ,
intuetu 537, ’11 interpellet 581, 1 inviotata 161, 3
1111411351, 11 interpret 811, 8, 813, 3. 1111181761, 7. 7844. 8346
tatu-it 1111 1111 'mmet

 

