991, 6, 6’ ,
unnim, 411111. lm? 486, 9.

..17185855 ,199
9669176919. 849, 5

9, 698, 5, bis· 689, 4.
687,1ο. 76916
1119176417
1619985818
1696119ιί11 194,1

nahmen 564, 19, 585, 9.
448,1ο. 417, 5. 8691 6117816118. 185,9.5 Ι
“ 342,1. 64719· 4111. 6611111995, 65
¹· 193· 91· 6991
8 ⁸ 7 ⁰ 5

mutabili· 896, 4
numerandum 651, 11
numerare 655, 7
tumens 879, 11
numerat 815. 6
numerato 867, 7
flm‘ffl §3529 ·

1. 891,9

9111111196, 6. 157, 6. 548, 9679116111 6951,-
1· 51118· 611. ⁶· 613. 11611161· s· 1191

9689116 plum 847, 9

9991969147,1. 861, 1. 896,
8

’ 611961

6,7,8. 189, 9. 546, 5. 96991641, 11. 6986 k

4

1191· 117. 1966116. 1191111111 8691
7. 595, 6. bis. 494, 5. 96691,8. 695,1
448,,9. ur. 469, 7. 476, 9 mne, et 11111 499, 1

.6 .
...1. ..1 1. 9., 3· 6988.ἶὶἑὲ

11, 16
11811 114. 4· 611· ¹· ⁷³2»

61111969. 458, 5. 528, 4.
1· sun· 111. 91· m·

14, quater·
nunc 151658, 9

nnnc 1661 6655

9999611 586, 7
9999619 46, 6
1691161181, 5

77, 911ῑί9191 1591. 585,11
67, 9 46196969 ,14

61991. 4· 118. ⁶· um·

96991ῐ65981171,5
9616691 899, 16
9661691191, 9696 547,6
⁰¹> ¹³0⁶ 907» 5

nunquam 4, 8. 199, 8. 664, 96 166166691911191858, 7

’ 4· 1191· 181. ¹· 116. 1611991161

6, 5. 546, 11. 566, 7. 96611 556,5
644, 5. 689, 16. 715, 4. 9666661475, 6

899, 6

7881 9·

876,14. 895,1
nupta 691,6. 591, 1

nupta 185, ιο

nuptam 459, 6”
numu& 367, 5. 5451 3· 853· ⁰⁰P¹²⁰¹⁰¹ ²472 5

nuthnli 697, 7

966611 685, 9

9 ,1. 969111119915

obeundus 589, 2
obibo 655, 5
objecerit 596,1
9671619 696, 5
9671991 914, 9
objice 899, 19
objicere 191, 5
9671161611 5 54, 11

”usqum 69118· 7061816· οῆῑῖῑα 5751 ¹5· 57818

896, 8

961191 597, 9
1161111111 499, 6

numerosque modosque 8661 ”⁰⁸¹3st 33115

4

· 9619911191 789, 16

9999196199. 73314
6699816751, 6. 819,9
11691161 1396
9691999696,
numina 487, 5. 841,6
1199191966, 3. 58912
· 99916691851, 9
nummatum 755, 7
nummi 519,19

nummis 518, 1, 5. 654, 5 nympharum 516, 4

9611196Ιέ 747, 2
nutriri 848, 66
nutrit 584, 4
9911611 578, 8

96111619, 5
968611 769, 5
9661611991, 5·-
obtigisti 186, 1
obligatam 177, 5
9119914619
oblimare 565,11
oblinat 861, 7

66118191 676,6. 814, ς. 886,4 obliquo 16ο,4. 789, 8

96111161 775, 7

nutrix 99, 4. 8866

nutum 899, 11

nutus plur. 856, 6

9616559

obliquum 51993. 544, ς
“ obliti 758.7

oblitus 668, 6. 695, 7. 777, ς 4
oblitus pmle brevi 8 59, 5

9999696171. 185,1 9666169815 “

oblivione 4 59, 6

nummis ,Π sm„ ,Μ nympharum Ι96111 811716969τὶ oblivionem 475, 6

9199969916
nummorum 651, 19. 856, 5.
867, 6. 996,4
mmmmm, 19. 515, 11.
iam. 558, 5. 6494.
16, 5. 95916. 8,7, 6.
86’618 ¹
’ 9699998491
9199698588
9619961516,5

⁶9⁸2 ⁴

“72⁶sp ι80141 ²4²³ 52⁶‚3,bt's·&c·

9511919611 non
nymphis 21, 1. 547, 69. 96111ἰ69911661777,5

³9²2 ¹

Ι 0

obliviones 491, 9
oblivioso 178, 4

961611611191454, 4
9699161 794, 6
obrepere 994, 6

obruit 65, 1. 119,1
obruitur 891, 4

0 6, 6. 66,1. 56, 7. 3'3, 96619111 451,6

6. 59, 1. 59, 5. 69,966191911841,9
numqui« 514, 6. 549, 5. 1.67,1.191,6.115,6. obscenum 520,r
11991 111. ¹· 270. 1691111194· ⁶³7, 11
9999 5, 85961, 4, 6. 66, 65. 671, 1. 695, 6. 302, obscurante 707, ¹4

8. 14, 1. 55, 5. 40. 1. 5· 1. 5941. 55,9. 546,96666116895,6

κ,7,5. 1595611. 159,1. 3, 8. 574,6, 41519. 9666998641,

obscuri 816, 7

 

