INDEX

> Μ11Ῑ61111117,8.63,8 metuentes 1993 1616611686-836,3

· 1111111931, 11. 3699 metuenti 6999 Milonius 615,

161661 361, 3. 397, 4.818,8 metuenti· 688, 6. 717, 1 milvio 483, 6
111616369113391, 3791. 1111111 74, 3. 768, 13. 869, 1 milvius, 11117119. 706, ιο
649, 3 f metuet 861, 1 11111νὶ11799, 14
116161183813 metuit 1899. 193, 6. 384, 1611111163, 3
meritum 9111116. 341, 4 6. 7496. 79913. 813, 1611913191. 3193
6191 · 13. 846,1 1111163197
1111631, 7. 38, 3. 76, 3. 1111116337, 1. 46911 161111119916. 8693
1791. 1991. 169,1.1111116618,9 ’ mimo 8496
3691. 316,1. 316,1. 1111111691 1611616694
363, 3. 383, 7. 468, 9. metuunt 71, 4. 131, 8. 183, mimum 816, 3
614, 3. 678,8. 8194. 8. 34911 · · minabitur 111, 1. 9699
911, 4 Maium 463, 1 1111166176, 1. 3498. 3993
1111618691 meum 1,1. 37, 3. 337, 13. 1161161391
11116116797 = 433, 7. 676, 1111614891

, 1111613893 · 1111113193. 31993791. 11811181111998
, 1111661716,1 3897 A 116111 143, 3. 3991

k

11111111 898, 4 meus, id est, 1161114693 minantem 768, 3
1111168961 1169111161313,16. 313, minantis 639,3
11111617199 6. 319, 8. 31, 10. 339116111111881, 3
1111161161 81564· 11. 11 11111111114511

1111111391. 3391 16113394 1161111494. 1696
111111348,11 11611134, 3 “ minati 1897

11613196 11ιᾶ111 991 16111114693

1611111374, 3. 611,7 migravit 48,1 1161111131, 1. 8499
6116619691 1631118991 1191113496 -

Meffi 363, 97 1116146, 1. 37, 3· 76, 6. 81, Minerva 611, ς. 966, 5
1418111 1611 1·111.1·111.1·111.1·1ΰ11111115114· ³002 11
11111114181 111. 10· 111» 1· 1111· tim

· 11111191 446, 6. 311, 9. 331, 6. minim} 3491. 6396

...1111177411 116. 11· 151. 1· 161. 1· 1111118116· 11
1116119698 37914 ¹ 1616163493

1111111111, 3 11111111, 3. 1691. 167, 4. 11616111111846,4. 898,4
1111116 633, 1 176, 3. 387, 1. 431, 1. minimum 48,1. 1791. 8163
1618116111 flumen 79,9 461, 3.
8816661491. 6191 368,9. 8381 1111661113σρ
6611616693 Mileti 805, 9 ministra 88 ,4

metendo 417, 11 militabitur 418, 9 ministratur 379 3
Methymnam 718, 8 militaria 461, 3 1161661111 716, 1

metiente 441, 1 militaris 33, 3.’ 96, 1 16661117997

6111169697 militat 741‚6 161181111143,1. 3794
1111611464, 16 militavi 341, 3 1111611364, 3
111611111313,11 milite 63, 4. 4194 11616111116199

metiri 3193. 76913 militet 74²2¹ 11661136,1.171,4.371,6,
metit647,2. 868,4 militia 178, 1. 1491. 161, 666, 4. 684, 16. 7697,
11111111. 1· 1161· 111. 4· ⁴· 161. ⁶· ⁶22‚⁶ 1164· 111816· 111.

66, 4. 3696. 11ἰηί8117893 ,

> 3393. 418, 3. 3196. 1166611 171, 6. 7799 961, 1. 8394, 8⁸927

111. ⁷·. 11611 .¹.¹.· 841,⁶· 1111111111· 53227· 111,
111111111111611311,6 11616161791. 1191. 813, 8. 776, 3. 7893
1111111199136998693 11 ’ 1161611418,3
6111113198. 33916 militibus 169, 7. 698,6 16161161996317911668,
1111111319 8. 7393 , 116611111176,7.317,8.443,6 13.681,1.91,7.716,7 ’
metuant 1691 milit 181, 8. 441, 7. 461, 7, 1111111111. 2- 1891. 667,
111111611313, 14 · 316, 8. 3894. 6194. 1. 8499
metuemus 1693 64917. 643, 1. 64911. minuti 66913. 833, 13
111111161643,16. 8498 63811. 669, 11, 61111616661118399
11111111ηά131, 3. 1397 “ 73911. 7393 1611613893 ’
111111161114514 16611611111633, 16 minorum 888,7
1111111613, 3. 311, 3. 333, 6161613191. 3391. 3691. Minos 168,1. 393, ς

61111· 111. 11· 114. 61111· 711. 7· 75⁶›4 1811111111. 1

16. 649, 3. 768,1. 866, minimatum 641,3 1816116191. 633, 14

8. 861,1. 8393 16661111116893 1161111816,13
1111611111 1396 ' 1166611649, 11. 8696 &autuman

a ⁵ (

 

