· avertere 675 ’5

1 1111406,1. 551,1

s 8888884] 513

8011111011111 0111111111.

tadinatem, 11, 7
1111011166, 11
1111111691, 7. 716,9
1111111111 647, 16 Α1511111151,1. 167, 2
1111111111, 1, 7. 667,6 111, ablat. 67, 7
1116111151, 1.158, 5. 511, 111, genit. 5¹725

7. 646,1. 718, 8. 768, avibus 676, 7. 874, 7
1111117594

11111797, 3
11111581, 7

1115180784, 1

8. 87911. 865,4
audiret 549, 7. 861, 1
auditi 800, 8

388ῑὸ 9716. 191, 5. 718, 11111777
Ξ· 34917· 694,1. 797, Α7191111111619,7

1111111 109,4
1111111. ι’. 1.1011111711,7 avidos 514. 14. 566, 7
1011616984. 7674 avidum 156, 1
11111119, 7. 187, 9. 577, 1111011691. 651, 12. 888,

1.. 4111, 1. 578, 4. 706, 9 ,5
11111 1 179,1 1111191, 1
auditam 95, 9 1111, nominer. 746, 1. 409, 6.
11181111 158, 4 418, 5. 475, 7. 645, 5
491111, 822, 2 1111 pejor parentum 11111 180,
insitorum 886, 2 9
auditoris 600, 6. 880, 11 11111 576, 6
auditum 153, 3. 681, 6. 860,
10

11111611 411, 7, 8
1011111519, 1
1116115199
avelli-1527, 4
1111111889, 5
1111111700, 10
aventes 701, 11
1111116711
4811111111(1 860, 12
Aventinum 501, 9
Auerna! ⁸4:6,4

1111115911

111111 179, 5

11111154, 1

11111111 141, 6. 5861. 744, 7

1111111451. 189, 4. 118, 6.
732⁵ ¹0· 7⁴¹» 5

1111111196, 1

11111 719,1. 710,1. 848,
4. 887,1

1111111754, 7

1011111788, 5. 418, 7

1111116595

1111116561 ·

11111011 177,1

Aulus 016111111905. 1

11111198. 90,6. 18911.
1181· 1681111111·
677, 6, 690, 10. 771,11.

11111111 166, 1
11111111771,7. 559,6
1111111466, 8
1111111469, 1
1111111841, 8 815, 16
1111111111 558,7 1111114, 7. 117, 4. 158, 7.
10011061404· 08Η·011601
716,7 „ 1111111111 91,4
11111108, 1. 546,8
1111111660,1.707,1 < 11111101, 8. 454, 5. 660, 5.
1111111451,4 697, 11. 710, 9. 848, 1.
1111111594, 7. 651,11. 798, 896, 7

10 111111 14, 1. 45, 1. 518, 4.
1111111650, 7 783, ⁶

aufert 216, 1. 700, 7. 566, 1111011771, 6
11.779,1.817,10.877,6 auream 1891 ¹
y 1816810560, 2 1101111119, 5
111ῆά101677, 3
‘ 1161017987

Augusti 186, 7. 770, 7. 778, 1111017687. 467, 1
9. 741. 1. 947, 7. 798, 6 111111 1ο1,6. 170,1. 601,1.

7115, 11. 798, 7. 867, 7.
811111

aures 14141Ιί111 295, 4. 501,
Π

111118111181111 202, 6
aures 91161114111111111111111 150,

3

, 1111111114, 1. 486, 11... ’

490, 11

11111 509, 8. 651, 7. 740. 1
1111161104, 5. 491, 1. 665,
108111226858 7
111110111598, 10

. 1111111111 5117, 7. 740,8

1111111111 769, 7
11111911 65, 8 515, 1 a
111111 19111 111 ore staenato 791,

8

111111 nivalibus 778, 1

111111190111111 50, 7

11110115, 7. 118, 11. 170,
1. 614, 5. 7191. 868,
189111

11111111 119,1.155,1.710, 1.
11101Μο608
⁶· 64914· 6571 8· 7291ι

ausa 141,5

ausculto 705, ff

11111898, 5

1161116064

Ausonias 781, 6

auspex providus 744, 7

1119111101 17 5, 6

auspice 32, 8. 747,9

1111411818111, 1. 416, 10.

41
111981101771, 9
1111111597. 417, 1. 465,

1011910
1011111907, 1

1116111111 611, 7
1111811747, 1. 617,1
Austris, 506, 5. 870, 3
Austro 714, 1

Austrum 107, 7

1111091, um. 576, 7. 618,
¹0· ⁶50, 15· 11113511

9· 39411
1111 1ο, 7111.

. 10811011
1111α, 11. auster

1111111615, 7. 677, 9. 715,1. autumat 647, 1 Δ
717, 11. 841, 9. 888, 17 1111111011117,1 .

1161117697. 417, 5. 511,1 aurem 10111 91111111 508,1 autumnus 471, 8

11141765, 11

111111116661151 loquaci 690,
fingendi re 801, 4

·12

autumnus purpureo 11111111 0⁰⁴
lore 168, 1

augur 11, 7. 715, 4. 501, 1. 1111111111Ι11111711111111111717, autumnus pomifer 791,7

684, 5. 815,1 11

11711111 710, 7. 710, 6 in aurem dicere 591, 8

11101141. 13315

avus 570, 1

autumnus 91111697, 10

1111101511, 1. 711, 7

,J

 

