l INDEX

7118116641 · 711101· 891,11 71000110 804, 1. ’501μ4
71011110 798, 14 ptius 841, 11 7100181071518, 5.716,11
7101111 718,4 prisci Catonis 516, 1 producat 558, ιο
711110 105,1 7111018644 prodiga 78, 5
7011004108 7111101006. 818,1 710015111001875,7
7101105101. 518,11. 571, priscum 570,4 , 7101151101 55,1

5. 867,14 7111101501,10 , 7001015151. 761, 11.
7110011814, 1 Priscus 704, 5 65, 8. 851, 15. ⁸⁶9&-
7101101111 ²792² 71111 755,4 88711 ’
1011111111. 8· 1118111» muta 141. ς 1111111104

6. 517, 4. 655, ιο. 799, 71111111 745, n 710811 181, 5. 707, 15

10.801,7. 810,7. 851, privati juris 88 ,6 proditor 40,5
1111113111. ’11111118111111111111
ΡΞ.. 558315655ῗ8ἵ1881345, 58151ιὶ01535 518818· 54819 1811385555, 587ζ7
1141114, 1114111. 1141011 Α
11070451, 11 7111151101 741,1 7108000101 5656

· 1111700186, 1 7110111171, 7011111751, 11 71011111 1985

7110001 617,6 71110695, 8. 811, 7. 840, 6. Pratum 181,9
7111111184, 5. 508,6.655,4. 8807. 70411 7101ιηί18001. qam
687, 5. 715, 6, 714,1. 7111006858 promum 238,1
744, 9· 877, 7 710, ,1.0100011110111 519, 5 profari 575, 5
711018 00111, 1458, 0068010· 71011010011111111 7⁶m profeci 857,15
eunte 184, 5 7101νί 896, 5 71010618 500, 9
7111016001 760, 5 710111 450, 11 proferat ·782‚2
1111111 1101 1111111 111. 11 proferet ⁶⁶› 11104· 1101
' 7111111111 horam 805, 6 probante 10,9 7101011070110111884,1
711011010ᾱὲ00 174, 5 probantes 732, 5 7141101101 885, 5

7110111501,5. 4451. 559, 7101114555 , profeffizmagm 874,4

..1. 541710. 816,5 1101111155,5.854,5 71111801 8071
711010 886, 5 probes 804, 6 professus grandu 1015118755

7111001011 181,4 7101111 514, 7. 611,4 7010816555
7111110111 6174 710801 500, 7. 570,10 profestis 415, 6. 651,5
primorum 810, 5 7101110111 171, 1 proficeret 550,6
7110101 417, 11. 5571. 6941 probus 535, 11. 851,5 proficiente 166, 11
7111111110 54811 7011001655, 3 proficiscentem 784,1
711080100006 111, 5. 198, procax 153,'9 ' 71080111001ῑ8ς7,10
11771. 644, 10. 668, 7100011010 511,7. 558,8 71010001556,10
Ξῖ. 7818 ⁸⁵9' ⁷· ω’ 881ἷί88 ¹³ “ 18887ῗῖ9
pimus 17, 2’. 580, 1. 400, 9. Ι4180101111 {32:32 550,1. 87 5,6 ξωΐυξιῑ 481ἱὲ
, 401, 7. 576, 10. 618, 11. 710001111188,1 71010501418, 9

. ’ 679, 8. 718, 5. 756, 9. 710011111558,1 profundo 566,7. 382, 5

810,11.885,5.805,1 7101011471,5. 688,4 70100100415,,1

ῃῐ111071 15,10. 514, 7. 561, procera· 541, 5 7105000101 575, 5

1. 8109 71010101 16,4 710401100181, 1. 4145
77100170 88,1. 854, 10 processerit 885,1 710400101555, ι. 660, 9
71101171 65, 5 71001685, 11 7105111101 576, 5
711ιεὶ718018ιὸ,4 71011011 587, 7. 4888 7105011010514,7
711001711574,1 7101111916. 685,4 7111101104 615, 10
711011710111175,1. 6744. procudi« 411, 10 1105008845

900‚3 procul 287, 5. 450,1. 574, 71011168,1
principum 148, 1. 416,1 15701, 1 .761,10. 777, 7108181011 575, 5

7110144144. 1118016411· 6. 861,8. 86715· 70810101171,7
· 1001· 1111· 1101· Ρ111111111111.4 1111111111 5880110101.
1101· 1106 1111111111 1101 , 1.
1100011411· 1101 1111111111οΜ prohibet 1104
7110111 185, 5. 5141. 599. 7100011001 58511 prohibete 101,4.
· 1.. 870,5 Procyon 55410 7111501111 707, 11
71100111, 4. 767,10 prodeat 504,3 ,707οἃ0014 8
7111111708. 450,1. 544, 1108001001 691„ss 71051100 ,6

1 11141 11111111 4111 1111111101

 

