ι’ x Yoeummwomwffi

9⁷2, ⁸
863116 814, u

fungitur 701, 1
1111111166, 5. 341, 1

1631611151, 1. 1487· 98114 8118562961 5

fflssm Ι95641· 15414
fulgent 114. 3
6613166561, 1. 571, 3
fulgentem 311, 6 ¹
fulgentes 196, 3. 351, 16
'fulgentia 31,7
&mma

611361 147, 1

fulgor 156,4 ’

fulgore 818, 11. 8854
1613611661611, 7

16661 139, 7.117, 1. 458,

Mw7

8.

6Μ1Μ1ΜΜΛΜΜ6Η6Μ6

59⁰» 3· 7091 3

16111768, ιι. 773, 9

1116111715, 8
11116791, 13
161161 58, 6

018161 791,”4
01661170, 1
Gadibus 156, 3
(1111161 546, 5

1.,...461616111 01161111 f

furenti 708, 11

31111 11, 9
51111111 63, 9·

1116111119, 11. 56, 4. 189,8 furere 186, 3. 467, 8. 641, (hlefi 171,8 ¹ J

16116161616150, 5

fulmine 161, 4. 165,6

fulmineo 316, 3

1611111611 315, 4

1611151511

fultum 535,4

fultura ..1.71176. 631, 13

66161 377,1

Fulvi 711,1“

661161 371, 16. 454, 3

6661611711, 8

6661113176

16610174, 4. 566, 8. 679,
8· 83614

6666666394

16616611 6, 5. 354,4. 466,
⁶· 79616· 88614

1611111341, 7
1111111415, 10

1666661 119, 1

faustus 186, 1. 891, 7
Fufldlni ⁶055 ς· 7853 4
1666111 795, 9

16661 1 78, 5

16666111 118, 3

fundet 864, 8

fundi 441, 7. 691, 16. 859, 9
1116616 491, 1 ,

1611611111 69, 16

fundo 197, 1

Fundos 566,1

1611116111 513, 5

fundu· 54,3. 141, 6. 683, 16.
[1170417451 6796,1. 867, 6
funebre 813, 1

funebres 445, 8
1111111775,4.1ςο,9.915,ιο
16611137, 1. 63, 8. 416, 1.

1665176168 18866512

6116111137, 5. 916,16
funeri 367, 8

funeribus 130, 4
1161116769, 1
161116111111111199, 16
fungi 61116611 auiti 770, 5
116311 671, 8

ὥψψὼ6ὣ

suff: 169, 3

11111111 196, 3 “

16111111 651, 1
1111111698, 5 ’
summm 591, 1
1611666661 773, 1
1611661 7 56, 7
1111111656, 11
1611011114, 5. 668,4
furiose 656, 9
16116661 537, 10

16116161656, 9. 658, 7

Gaui 461, 8
gallicantus 566, 9
(3111111410, 1
Gallica 35,4

, Gallie-312, 16

0111161 r. 697,8
puin! 4:54· ⁶7ss
(11111151811

(1111661 617,7 . ¹ >
1111161614, 10
Ganymede 375, 7

(11141111 1654
0113111661 50,1 ,
(11131861758, 3
mmm

1611411116. 6 7, 16. 70619 811ῐὶ106064 “

16131 65, 9. 354, 10. 914,

Furius 685, ιι

’ furni 611,8

16166 547, 15
161661777, 9

1. 741,1. 861, 3

1111616 348, 4 ,
16161161 146, 3

1610111 669, 11
11111541, 6. 686, 6

“fflffifflfflwmv ,
1 4· 773110 31661661861,6

661, 6. 71
furtis 551, 8. 651, 3
11111111 711, 4
1616117898
16111111 744,4
furto 43, 1. 767,1

wwffiwm9

16111100, ς
surum 586,1
16666 88, 8
Fuscum 776, 5

1686161, 6. f 6111161
1611111643, 16

51111161 591, 11

411111 700, 3

mwmhm5m
7. 814, 11 ’

ΜωωἭωτ

3161111199, 1. 197, 6. 655,
1 16161411, 8. 451, 11. 457, 8. 753, 5 ’

4166161364, 3. 65818

’ 3166161685, 1

5166161161 4, 6. 691,11.

164111
4111616111 416, 3. 606, 1.

⁸⁶3⁹9

‘ww‘ 512, 2· ⁷⁶8, 81 76936
316611 161, 1. 395, 5. 51, 4.
664, 6. 719,16. 866, 1
51661116, 3. 119, 6. 177, 58
313114321 9· ⁶¹5⁹ ¹⁰⁹
701, 3. 763, 6. 848, 1,
887, ιο

[1886818 2⁶2, ²·

3111611178, 6. 411, 7. 61. ·

7. 691, 6. 863, 9. 84, 0

. 111161 397, 6. 611, 3. 706,9 41116111 466, 8

511111 839, 4
41611411 714, 6

fflmwffimmwwwm ,

fustes 186, 4
16111661 339, 4
fustis 844, 4

1611111456, 1. 641,1

¹¹³

41111 113,1

’ θ 3111111181, 7. 667,1. μὴ

 

