Δ11111

11111047. 189, 5. 4087. 5. 5896. 613,1. 755, 11111595, 3. 706,ς

531,7,679,1 3. 810,7 · 1111197,3.310,1.. μω.
1111115835 ι1111111190,1 513, 3. 69113. 787,1.
Ι ,1456571 altercante 718,1 41,1. 861, 5. 904, 5
11111 171, 1. 550, 3. 598,11111.1385,5 1111111489, 6, 887,13 4
, 5. 829‚3 11511111 335, 6. 740, 11. 1111111349,3
1111118514,8.554,16.596, 787,8. 861,1. 868,11111111316,4. 52314· 6611
5.640,6, 617,1“1. 696,11111111.6111111176711117111 1. 117,1ο. 8148
2. 707, 5. 812,9. 815, 11190177 1111101111166,1. 534,sp
4, 820, 10 alterna 500,4 77125
11111111 5114 111111118475. 8794 ,111110107716 ,
111ευῖ 540, 12 alterno 11, 2 1111111839, 1 1
alienis 523, 6. 645, 4, 699, 1111010170, 11 1111110111 378, 2
8. 709, 13 alterum 404, 6. 501, 7. 6431 111171111683, 6. 766, 8
1111110 551,4 11 1111111 50⁴, 11 1
alienos 811, 5 11111111111814,6 1116111797, 2
ani637‚3 11116989. 833,7 ambig÷=urs1c,8. 833,6
11104791. 616, 4. 619,311111111111763,1 1118141111 33, 1
, 1704115444. 57511 1111011711 11111ἰ311911,3
Aliphanis717,4 11111698, 4333. 465, 7. 1111113111 169, 4. 798,5
1114111633, 5. 678. 5. 671,4ι 485, 3. 494,1. 1111111811,3’
1114117 531, 6. 686, 1 altius 359,1. 5 57,1 1111111 131, 41
1111470,4. 618,6 alto 301, 6. 413,6. 491,1111111110693,9
1111901. 8781 3. 363, 3. 614, 4. 615, ambitione 547, 5. 574. 13.
alite26,1. 156,1. 38811. 4. 636,1 581, 5. 611,6. 6463.
4394. 465,1. 481, ιο 1111,1.1.111111777,11. 815, 870, 8
1111111363. 1774 ’ 15 101111011911,1
aliter 76, 1. 21311· 867, altos 9, 3.“ 36810 1118110601138,4
” 9 · 1111111591 1111111111131, 11
s 111111451, 8 1111111614. 161’,4. 591,4 1111111184. 7
11111493, 9 1111111.1.11111188,1.143,1 ambo 654, 1. 701, 11
1166114887 111101844. 3564 1111017087
ἡ 1111111797,9 1111113666 118181711111516Λ
aliunde 199,11 - 7111111330,7.893,11 11111114757. 519,9.550,
1111110111 114, 3 ’ alumnis 317,1 “ ι6
11117111418,6 1111111473,10. 747,1 ,1811114413
1111116785 alvo 388, 7. 797, 3. 901,1111171111458,14. 549,1
, 1111115911, 15 11 1111111116οΜ
⁸ allium 41717 11843 dura 6736 1111111111 407,9
,4110111011 480,4 Α177111111,0.14117111111 1111111190,15. 769,3
111091111474, 10 1111111111 640, 7 amens 649, 1
11111380,1. 38414 1111181303,1.744,8 amentia 661, 5
1111111131. 16171. 41471 amabilem 14,1. 186, 1 ames 13, 10
11110101497, 3 ’ amabiles 374, 3 ” 11111483, 8. 608, 6. 6577.
1111111391,3 1141111584. 865,7 811,13. 876,7. 891,6
8171168311 1116111111843. 7 111111310111738,3
1417111111 437,1 11181111818, 11 ’ 1111111741. 1991. 454,
, 4171811377, 5. 416,7 11116091, 3. 8938 ’4. 548,11. 64313. 716,
1417111111 604,6 1111114088 6 ’
11171111 417,7 1111111034,1. ,1111115344 793,8
1161909, 9 amandus 900, 7 amicam 558, 3
. 1111381. 191,7. 4151·111111160,5.459,1.860,11111111501,·11
460, 3· 485, 8. 517, 5 4111111111 468, 2 1111101851.. 105, 5. 4²5·
⁸¹¹²38⁶‚5 amanti 708, 10 2. 701, 3. 7641. 856,
11111431,6.454,5 1111111436. 1, 846,6 1
alte 714, 5 amantium 173, 3 amice 909, 7
alter 509,7. 560,1. 561,6. 1111111117,6,’411,5 1711417477. 173, 7, 1871. 3
577’¹⁶· ⁶3²·4·'7¹4’ ⁶· 1ῐῖῒᾶ1155331 3· 71319» 8419· 71417· 75²2?-
755,1⁶. ⁶32r4· 71416· amare661,6 8131. 815,1. 14
7551 1· 77¹, 8· 5¹³· 3611 1111191 911, 13 1111117111.133,8. 1451.
15. 868,9,10 111111101101111581,6 .371,4. 543, 7. 86513
111111 jura 867, 15 1111111 verb. 536, 14 amicior 151, 1
1111116511. 11ο,1. 479,1111111101111649,9 1111111403,15. 5336. 67.
. 9. 51’7,1. 58911. 589, 1111115953. 706, 5 8. 1116701118»

 

