i

vocnnorun 00111011.

0181108840,1 1081110198, 8. 495, 5. 558, modo iss0867,4
ffibbt 11843616, 12677109· 6 11118861ωὸ191εὲ ι50 ωοέὸ439ΐ1ι13ἒ67 36 47135118,
· 1 · 11 · r · 1 · rr·
114. s· 449, ³· 5111· 1180101111· 1110· 1601 811011110016181.
33951 5389 a· ⁷11, 2· miserum est 529, 11 11592981 60193741 664. ,
im, 5. 866,16 misit 8,1. 7ο, 5. 451,6 9., 704, 1, 5. 877,1ο
0180018110668,11 , 018811101907,1 010801οω’591,5
minxerit 914,7 1088815586 1110601146,1.154, .190, 1.
10811641,1.910,1 1118188 80 bellum ducir9oo,9 295‚3. 561,1.40,8. 549, ·
mirabere 11, 7. 774,4 01811118610176,6 ‹ 9. 745, 9. 811,4. 866,4
mirabile 1810 861,4 0181881585,9. 685,6 modulanda 866,5 ,
mirabilis ⁷⁵b’ 5 miffos 165, 7. 514, 11. 895,8 modulate 111, 5
mirabimur 4 6, 1 non 0188011914, 11’ modulator 541, 5
mirabor 805, 5. 910,9 misine 616, 8. 611, 4 moduli 668,9
1118111011 870, 9. 885, 5 mitia 109, 5 1110110181 557,5
018111001788,5 ’ 10111114194 1008080767,15
miremurfi781,4 1088881564,8 1110800167,1. 507, 6. 518,
'mirantur 101, 1. 698, 8. 018180671,7 · , 1. 616, 5. 665, 98444
8601 mistum 460, 5. 718, 5 moine 94, r. 157,1. 171, 5.
mirere 755, 11 01811751 514, 4. 691, 1
mirari 541,5. 554, 5. 765, 3 mitescere 717, 11 Meteiras 1, 1. 84, 5. 195,71 ’
10810111855. 515,1.718,7 mitescunt 591, 5 119, 5. 155, 7. 287, 1.
0181111410, 7. 458,7 1118ιὶ1101705. 451,7 511,6. 155,1. 407,5.
0111111945 01818711868,11 , 416, 1. 440, 1. 4611, 4.
01811101511,6 0818011957 Ι 475, 5. 5051. 556,8.
miratur 418, 10. 755,1. 1181814994. 61917 “ 611, 5. 668, 1169741
.851,15. 8555 0180110581,8.756,5.857,15 ς.715,7
1111181691. 641, mittamus 557, 11 Μ11111111010 695,7
ἒξτῒζυῗῗῖοΐ4 “ sslibttbnng’bb 287, 5. 550, ζέἱξζὲοτςὲ461ξ8
10818569,1 14. 475,4. 749,4 11141ὴί15198
miror 641, 7. 711, 5. 795, 1081118168118144, 1 0101810197, 9
Ο1. 856, 7. 905,17 mittere 116,4. 4154. 575, 1111118901 544,4.7ο4,7.709,5
0111018654 18. 641,6 1111101119,1.75,1.514,6.
1081001101,4.159,4.605,1118111111705,5 4191. 701,15
1. 618,1 08011818155 Ι1011111601146,1. 488,ss
1118101485, 5. 671,5 1118111156,5 mrercbir 479,1
misce 412, 5 mittis 470, 5 ‚ merentes 171,5
miscebat 675, 5 11181181 445, 11 mcerentir 787, 4
018811681800,1 1118101111 74,ι 0101111761,6
miscent 6, 5 Mitylene 778,1 0101111654. 1658
miscentur 511, 1 Mitylenen 18,1 mterere 881,9
miscere 678,8 mobiie 709, ¹3 10111881 149,4
miscet 385,9. 677,9 01008181 6641 0118001517,1.881,4
miscuerit 651, 5 mobilibus 51, 1. 91, 5887, 5 moessur 159, 5. 567, 4
miscuisse 495, 5 mobilis horte 867, 15 moia 65 ,1
01881081170,15.605,1.905,1 mobilium 4‚2 mole 164, 9. 789, 1
Miseno 675,1 moderabitur 74o,14 ⁴ molem 554,1
miser 104, 5. 476, 5. 489, moderare 95,9 molentun
15. 514,1. 545,1. 650, 5. modeste 511, 9 molesta 754, 6
640,1. 705, 5. 814,6.111061801816,6 0011805844
888,5 modica 748,1 1110111185 5,1 ,
1188111547,4. 581, 5. 709, modici 76,4 010118001577, 15
,1. 1111 1111818111.1·611.1111.1 111158111161· 111. 1,
miserabilis 115,1 modico 56,4. 869,4 111οΙ111144,6
0188011859. 587,1 01018ῐί16095 1110Ιί601 145,1
miseram 88, 1.181,6. 519,7 modic 185, 6. 194, 4. 157, 6. 11101ὶωί0186ῃό
nis miseranti· 161,9 589, 5. 681, 5. 891, 9. 1001818 oppida 90822
miserarum 199, 1 909, 1· ¹ molitur 885,1
miscens 558, 1.415, 1. 715, 5 10011101811181, 8 1110111605, 7. 675, 2
misere 592,7,13 ' 01080111,1.541,6.569,1. 1101111140, 9, 417,6, q
miseri 24,4 88,.7. 645, 8. 665, 9. 1. 875,11 ’
1188081890, 10 64,4.755,1.819,6 1110118597. 51515-

s ο

 

